2.0368606246245493
2.397358768485571
2.344539520224202
2.736125038979822
3.7176688566540874
2.926175263870924
2.80039165280643
2.6256496405565595
2.570902069307878
3.271029598154437
2.5558879244964055
2.3715005414987256
2.5698768504065312
3.4026822401531764
2.940454110551774
3.2365837328808014
2.820343455482288
2.1628266332893435
2.544625383211835
2.3699479844609717
3.4684628601589034
5.3520486016416715
2.368906101052187
2.8814056850287595
2.3978870775642185
2.1580768515943816
2.5931284635255456
2.733907817279294
1.9278731521237429
2.9879443791890155
4.180079553304488
1.9952645784589598
2.5830315767243306
2.187380522906663
3.480629538033605
2.5873225432049654
2.7801609304352355
3.0916069771783308
3.1036675891829173
3.1572603450510797
3.3258709325364495
2.5531425409258994
4.902419283483046
2.7764900049684766
3.170093506545497
3.039480321617233
3.306667850412058
2.444225318211156
2.056506945233111
2.521809129369883
2.2479223590196815
3.5225697500200055
2.4483105432134584
2.218809552364784
2.80462400078059
1.5090538217196798
2.7072195288029897
3.551861375112903
2.2783253848886864
2.1956486420559584
3.572130054615526
3.5155626824986594
2.332443216148729
3.1890906290036445
3.425489098780765
2.41836151717382
2.8491528349613793
2.5933204917038024
2.559519669400779
2.743199981769442
2.817264529995367
2.431293643610128
2.5882521647453887
2.978994888034582
3.0070576305946415
3.131597615150854
4.796996275530512
2.1685059161055635
3.309060753644896
2.315308406359421
2.2114331609612887
2.0897418216078396
2.539828304220237
3.3600475603899893
2.855945885077717
4.536012344542677
3.6196516813803385
2.655022758688842
3.253498774189442
2.173034532210075
2.584121889395583
2.1186198622158923
3.4855531408194755
2.5648392930214485
2.5969210459679872
3.3625456535010074
2.63111318303037
2.9724848953390364
2.3345338814155028
2.5804862625520304
2.6036032577007115
2.985161461447317
2.031893189563916
2.9725680590554835
3.4521082787034674
2.7149663988093606
2.317298001720909
3.773964280217722
2.472093727847326
2.3579317440036567
3.279399328124482
3.2249988973429877
2.8755212598464905
1.9959422743810913
3.420093691932116
2.4379634591344015
2.639261295135062
2.328717430221386
2.687827302973207
2.2451656994595983
2.042336451769949
3.238806451303533
3.3321236031014725
3.4426828604429174
3.97134379844533
2.4439896493194753
2.728855024535064
2.4984511907599267
2.812989856103932
1.9756555865404604
2.485852541993768
3.2284782019916536
4.874301566607156
2.050755320182644
2.726877928233091
2.6130179518299093
2.80284466285581
2.2122534638107947
1.8165051327532915
2.62857617374412
4.512691315374058
3.867332652352205
2.6434127298026
2.643548917686643
2.9902878492209872
3.1863547424806806
4.743507929379724
2.0108069173242726
2.188856175867557
2.7177313251519375
2.08295263785885
3.0623545861045787
2.2969324897209207
3.4852580798670925
3.1407813067094
3.1872894441358697
3.881136246824486
3.4671721975249445
3.5303955498271935
3.1738640532639284
2.9043561161246925
3.6981001329751244
2.4726350837259576
2.7631680063550546
2.4075199950808606
4.203092396251726
2.4013891962754204
2.5154630994627736
2.090282904652884
4.170504916614282
3.7431557915870255
1.684925825031722
2.3388548601664523
2.6692099885234573
3.6339429086026165
3.067823250145029
3.325743376075869
3.8805354049809733
2.7174629387249527
4.62880069685922
2.9357065015107744
3.1779653291021086
2.8695272171842303
3.1466981632425757
3.1661281133382992
3.2806478684735527
4.0087989135494775
3.1607952945617317
2.748419762082207
2.7181715088791445
2.842579755523695
2.477572236023589
3.4648217839293625
2.829856596446526
2.5770602107513483
3.344412728399942
2.6710533350870884
3.1970971560627013
2.366592790369249
2.4234005594807586
2.8574918109601395
2.6315948734800947
3.4692758667376187
2.9749673121898974
2.0435208576245785
2.9292007663685524
3.4032455033634146
2.808443207973358
4.071313325781889
2.9156232613945843
2.1164250842364574
2.8784633111933338
2.766849875391019
2.3675636440187846
2.4603350435595326
2.175007676462998
2.55044833592506
2.7594253023230233
4.100830529191386
2.5611948490928396
2.65439623693028
2.739078189108193
2.5605235980695933
2.820267026418437
4.249024603304486
2.356707698019067
2.5325843998707604
2.4734700153290006
2.5929997277498824
3.4874920959950804
3.137564404566518
3.0385954258971934
2.7633061995587376
3.1009510522709807
3.0629403568852127
2.666345372956027
3.555626079570005
2.0912804466012656
2.3082346042348614
2.7867164443911148
2.1177865024620037
1.773954649423221
2.745180906198344
3.087751293234214
2.890978615341656
3.4203744915287535
3.8913487269673497
2.3651592522725937
1.6428711432005565
2.466694165953764
3.411176006859968
2.924237359581066
3.514843580952312
2.4967441111647455
2.783608824230694
3.4442615327388477
2.2870602720376834
2.768923795550378
2.7193567270334134
2.954781296468516
4.693354487959833
2.168559867794311
3.033987450301025
1.9585112250666248
3.4711375114741387
3.4029296679041603
2.597221046116263
1.951106236458382
2.4600765168729755
2.1538880965258134
2.635716928379364
3.8294751255102923
3.1671894843767805
3.301128782037593
2.3629717172985605
2.811126421122977
1.980508822679949
2.4423859549411553
2.719242892606104
3.1581680843442363
2.4549013291831545
3.059427476909787
2.305106055973119
2.62036042015262
2.407613664214031
3.9786902453383983
2.653461137562917
2.6294327977635343
3.428938378125087
3.0410584252278343
2.642485182156762
2.500293297223098
1.735381862284001
2.8199797037918133
2.5306986401801392
2.577363367146915
2.82136729412189
2.842116573126582
4.039377153322884
4.066901809936806
1.978194884038518
3.107984884508814
2.6887051870468457
1.846390852796608
2.2737760208614146
2.064744245002009
2.801238643851295
3.5324009724177987
2.7913714437302675
2.7811129774190526
3.298194768579958
2.204098256565249
2.8590555468900076
2.784744740241094
3.0653040154494864
1.6657474225960855
2.465047471082932
3.5998869253920653
2.8902945333488486
2.2142895242081377
2.725054156797411
2.7266058564434372
2.1409642725600033
2.726378036213217
2.817744214727699
2.574579163112033
3.359182196075436
3.011714856711258
5.306919214957528
2.5192554158644436
2.2360354876900908
2.6064131521737313
3.056965164649648
3.2722334725371183
2.928365045625825
2.4479189599622257
3.1986532213909515
2.8758723991238404
2.0463391750670485
2.3855471301112186
2.9724852059193076
2.4490469071167484
1.8214072831879313
2.165196881875831
3.161731252453057
2.4497926381965365
3.3769623567281255
2.3501110349958716
2.924612735972792
2.8488319222379914
2.1397828851840233
2.696488362186986
2.588029341812689
2.640542980973907
2.5681815261888286
3.0086746375392
2.663401379889413
2.468063535725408
2.8678531641904357
3.3753369959009674
3.3813104659099125
3.0374273328113333
4.15970543458046
3.1266728002208244
2.8093002633804836
3.300025837880602
2.714471658638317
2.6490668586086805
2.296150248682506
3.7216608535178417
3.4382998074863376
2.612398455895268
2.8879896033109573
2.817341465927262
2.35582271432896
2.8465726836365026
6.010647615082906
3.0379988425810467
5.263493085858627
2.2819910682343565
3.2245665512939925
2.9139127788853294
4.6769061273773875
2.419459085267532
2.3953946958840593
2.4326549645174125
2.562257072500177
1.7685851809051407
2.7704504247804524
2.843439273976006
2.7487742226214036
2.1811727966481516
3.222060972840852
2.7779947376750163
2.6115256223023806
2.140411793075407
2.413684480803245
2.222376361975958
2.7276183652806196
2.8195516717198585
3.767882031451578
2.241259369517738
2.828892599575498
3.1330248920648995
2.978700167232299
2.7998086734362038
2.2349453265917365
2.737798287677037
2.3379538766095895
3.611135283745863
2.4403929646518674
5.242715141618141
2.0594035806379796
4.77985018155206
1.90832117292357
2.6941785008873373
3.0322546691144154
3.00648383169102
2.038489244162381
2.14106701904111
2.972772996636964
3.134240055888492
3.4925468349925626
3.1525570453067644
3.025157019578273
3.032139196553347
2.6054975213263227
3.728843209164896
2.906712436377571
4.094236563932545
4.361016674066609
3.0553597269886597
3.2200859240778548
3.481465881564821
2.6887518326623727
2.999239418242011
2.4081315327676336
4.119969172638101
2.9557377811227967
2.0001244357892065
4.277037900465841
2.5925652642475585
2.889659312199962
2.558855614307412
2.149280790793459
2.7483213806626
2.142167672239939
2.9361154194417445
2.909817443716316
2.1793509985153285
3.036129022545919
2.9375419765652286
2.5095470732035863
2.8579639884612695
2.31059405193938
2.218104933150515
3.0036133397553955
3.4007726995601293
4.04197157617841
2.3240234637957444
2.0554776205018293
2.192549937362362
2.685723198510229
2.5889726885016584
2.882785990661605
3.43259705271429
3.0062423314762294
2.118886688913551
2.075961604615265
3.387222433320286
2.751536674048402
1.877944633486228
2.971569407402625
2.7216639952114394
2.2658158190462423
3.9410468575354463
3.4268126225364557
3.083142288314723
2.8873843211349564
3.2724586589170657
4.620968974604673
2.1132628824611603
2.7479109895085445
3.7118055418362523
2.771844695773921
2.3148394102148058
3.2394013485242406
3.0612804909873446
1.8178065101318976
3.1193350705741296
2.6261885967123946
3.011069399761264
2.7783722369353634
1.8950911947422338
2.86999424491022
2.610221475152221
2.7402292455882633
3.5253228418215015
1.997369145493203
3.335528946904835
2.5613124495209116
2.8599632439970066
2.1870874036438344
2.4054328656364685
3.6433974716715203
3.3322870572118304
2.106583767085196
2.4226441052092964
2.921099431404248
2.4791655701375457
2.769991502192838
3.0740748769459483
2.741751351607183
3.1971598054093535
2.593485505940647
2.5624944047653844
2.4664427272178866
3.439258484914507
2.2910573571486226
2.4463719927521863
3.582103953942931
2.3917256198081076
2.6006652574780893
4.20228786067287
2.5185403868165284
3.815433863250785
3.009346132936321
1.979334100169794
2.2246978922228804
1.7074330883381368
2.9427634084545953
2.5581882537904477
3.3023436776698984
2.202679412373711
2.9516376863415985
2.215033655315983
2.496280463063911
2.357584940442923
4.380334582327665
2.879364006326609
2.3682728911884516
2.6673496785963646
4.820039406821349
2.049785224815697
3.072800454700295
2.999562534617469
2.7232408931501633
2.3126331235454107
1.6814812006683084
3.5062453993071876
1.9687861217030949
1.860600130263545
2.0921680216979563
2.7624108790482187
4.055601860108331
2.988288422958765
2.8264684863772622
3.269093324361235
2.671610086934511
2.356084186037754
2.7307624850008043
3.1769661932284663
2.265655363799601
2.8969673780048097
4.474780113512916
2.9993645046129833
2.8602193515822347
2.2303028157566223
2.467599007644241
3.0409675367329445
2.7276112860548416
3.1703451664885787
2.0770004681599774
2.125609345736001
2.426985558287091
2.2781807511106504
2.6974618819859946
4.320796600115291
3.1123227361497197
2.4616128193723545
4.082065038455445
3.1948607452843594
2.8892623720433805
3.0288074896861286
3.4688674212312978
2.153741778301218
1.9749885334343795
2.5163465624075405
2.3072123287929798
2.340408897362105
3.5533574791721567
2.0546611701757187
2.8828186482676688
3.0933128577903712
2.550323612221102
2.9869881808427636
3.121764183312236
2.3282741328061123
2.9111890327560994
3.0293258252141313
2.72212689202987
3.2380552445812896
2.3528681886824585
3.255983550027735
2.5578037424385482
1.9083339035618971
2.799139543224083
2.3035816278454635
2.284973263516265
2.431746819209424
3.123733060795173
2.1370968949966413
1.8298904167314018
3.1912884457374777
3.2297313824827034
2.689185312206201
1.966331708102064
2.230394825588795
2.190499671435965
3.264655144499621
3.0471995733096486
3.055756668543895
3.704283583901354
2.525277390271365
2.9801094967864685
3.244461419298098
2.068903126670528
3.361314793479422
2.8256745050112215
2.339530911899058
3.4438133942995126
3.2376005986014436
3.0307638187480324
2.9715615274667635
1.9265411557003544
2.174144402814836
2.608860838980265
4.254022167020384
3.865631345654417
2.510612131934182
2.9809826753321222
3.178672845485162
2.727706359184025
3.952798315230994
3.7684559775640674
3.371066992041281
4.4936710380169815
2.792568103324737
2.2086848215041885
2.282652623850969
3.013642367748693
4.477151907678463
2.4739527789641422
3.127532019830936
2.6568795297697188
2.011468983515699
4.070951964786353
2.5776583598389604
2.082010194553283
2.58539247395677
3.832929347283291
2.2687064217559363
2.454563626889086
3.240114614335654
3.4753583817726406
3.6760042791960186
2.6590542640391996
2.6091663683663975
1.76837092606759
2.742318648485914
2.933692813425733
2.8819997844670384
2.6135050351506632
2.411403481904433
3.521834528464624
2.616104321242826
2.0994026524607023
3.357295104828908
3.665216359971708
3.2013404492211746
2.4655283593591406
2.5408425499100695
2.9535592961903534
2.0396584899557118
2.10484984003844
2.2940894504588365
2.7395205631107884
4.2338878557056425
3.3378000495018965
3.7350080065626576
2.0370708939999824
2.0395169699340756
2.8116811579320675
2.349762573935684
2.1742778329059447
3.2119182460970275
2.424655430268543
2.92133324690922
1.8318268428394884
2.6811415105357517
3.520973342496542
3.043056025387378
3.6323740970144405
3.548260070265246
2.067889027458439
3.174666185549095
4.43630977144893
2.7049326787249948
2.483966061717474
3.2276374942613955
2.578162465321366
3.5579704239082983
2.6176551381892215
3.363329313506093
2.702573125338727
2.253396924213461
1.9900721322975015
2.780281635137613
2.8776148681579916
2.7961404641070855
1.8894142428325265
2.5454749978169295
3.5286925875713195
1.9393626828427657
3.056058659524224
2.962317990819172
2.992978561012585
1.927826506542975
3.048598209009324
2.2476223217061446
2.137600522750887
2.7575704022319143
3.108487168603124
2.634049709311225
3.390522587774555
2.9584860731838405
2.8207049986500894
2.958328737938763
2.8647828038652814
2.5840598276245865
2.9734507814712114
3.4520219764662214
2.7007677689960965
3.092217687973403
2.5540630507871684
2.852930861307042
4.2785189605254486
2.7104960748712084
3.078777433376555
2.1785918253727075
2.4661306684001882
2.0232719692626167
2.8820222438776684
2.591946522336147
2.940348800004005
3.173055124955218
2.226547507511625
2.9953450359114377
3.238121001674591
4.05952015374857
3.404350907492778
2.215585682607835
3.276473874984672
2.6717919483019377
2.6324391172258834
2.4366439459622966
2.6874459194349543
4.101990154019595
3.603594228291492
2.5425534422098526
2.20323935696892
2.597875629121809
2.6976380393098354
3.4819359587318206
2.750086440165365
1.9181928910268942
2.318293144037736
4.058723381438801
2.2826194464224216
3.0880673133970173
2.678943943134676
2.1712148626990784
2.887565803667106
2.915292874804149
2.6089424249331974
2.776372387691181
1.9045410363360822
2.8345700581733317
3.0619731876549166
3.2251599736417473
2.4154984622240456
2.3455499336014127
2.861297216975785
3.6876541211555796
2.6189202931995594
4.082170210751106
2.3416851732598993
3.409813728158228
2.961481251978893
2.544480709958843
2.3228955246806207
2.6856621485764127
2.901759488064593
3.493718375283153
2.449711710427804
4.889408819265593
3.3582667262686035
3.183853974502793
2.0524172565227006
1.8181303097282986
3.017779745306487
2.7142362847151835
2.0798407720599337
1.7120132078404144
2.5985715009410204
3.127327297104059
2.589882690470416
2.3017675167054925
2.653809586966203
4.309602723021239
3.439862312061582
2.2011444158472266
2.4935749250553196
2.9759486896961955
1.9097197107016393
3.573440273441686
2.087631618124398
3.0345484347195373
2.260286484629885
3.0151119491744005
2.8058016888322412
2.1072016497683803
2.069685016848333
2.384753199737407
2.2594560395868135
3.5341816474214127
3.5560580137786792
3.174130206275272
2.484475586609398
2.7884278508265337
2.7839274750101963
2.280054296411571
2.605430417492175
2.615388561158236
2.3334017984368014
2.24027783152839
3.9694929989398933
2.42401927582792
2.6836367396945455
3.709802036436235
3.5250334634442875
3.5327418022282853
3.0003929712024537
3.4831685988853445
3.1816761259683646
2.8511232149208445
2.281326912257364
3.2224583582332444
2.544749096280958
2.455776412196026
1.898353221284081
3.4613956001969814
1.6652784608946676
2.331148712202927
2.34200050330605
2.243806759490443
2.447703416259721
2.76733029814836
2.7631053357532798
3.3282545619982944
3.3373995553463516
3.4209001982426517
2.8818392426744603
3.97167533766483
3.2628222376757976
2.478386294413312
2.153174631508057
2.007904373765298
2.253675768353811
2.4582657876686445
3.655186145822521
2.5016728591253248
6.0787060907963015
2.6416365479750152
3.1677483463653062
2.122618375683565
2.7320212378359945
2.3801182366687974
2.0611830073018704
3.2769759261627383
2.9231145956242304
3.647506559749268
3.253571108204965
2.9199898478996653
2.9333755609816627
3.8375408737590013
3.905126959871906
2.362024719584855
3.6018097815082357
1.8242715820221562
2.269144939736921
2.4221602477602646
2.149690640410339
2.9194852668548217
3.299673095989824
2.6307319235337228
2.3363938854275337
3.064907353491819
2.367061316877439
2.9352261993027478
2.812469232058203
2.5268219217463184
2.2684753997690312
3.872813394056088
2.606553221042858
3.2478699604170913
2.060232113340724
3.404782289819923
2.707470463925529
3.349018353634635
2.666673346179182
2.3804385705465663
3.0251413488187264
3.1978880809006505
2.5508007786003746
3.3226919219531474
3.503427571106201
2.9141413122679336
2.4943416266493097
3.339121022665564
2.420559822390956
3.1034765634061574
2.6051635893445138
2.2536918512074586
2.0575875819680967
2.867329429765656
3.088828244729174
3.7630097918822423
2.547913910979838
4.240874493085535
2.5687215614792005
2.7122644968903975
2.0951484448061555
2.3213389789070846
2.5637153187200217
2.9254887596998267
1.695903741179506
2.2450922133176334
2.4315969346371404
2.100050416802752
2.385415007939902
3.2128195854163066
4.103281017066192
3.0471999618237247
2.373287607078847
2.597789834414608
4.258995331684904
2.737628490431257
2.283202206559202
3.8402135993493283
3.6752082490805598
2.9307089065848575
2.347006332054445
2.3167796816318225
2.496555771725717
2.365052958216419
3.1176522495325116
2.394610303062876
3.0387061078140007
2.6706473738046457
2.876812162683442
2.271623955825211
1.9780081275490062
2.5224545084832393
3.3377856012071643
2.211014562497965
2.2451547813223227
2.127274769474228
2.9672578409455412
2.7173916477185127
1.7795356145565653
2.5445470469326334
2.9383410013689804
2.5272332082429947
2.2146430564988115
2.018139451893013
2.9891340230560632
2.2122314599870454
3.2395434828926697
3.44214532450409
2.140542553658061
2.116963510577587
2.779466265594721
1.8375129739753389
2.804505710895496
2.7419219072192895
3.9584820664655593
1.491347946285169
2.181646442057994
2.084606617915909
