-0.17363693663011945	0.053129714883910654	-0.16974392305330838	0.08454917333747304	-0.060965804798820515	0.07008483256090622
-0.16411836092903942	0.030153917118576398	-0.16134390378119232	0.08907621343834687	-0.054205594262733754	0.07326974020960972
-0.16250124225399082	0.030422824323031988	-0.16028713100962186	0.09885525053619744	-0.06640893876193486	0.08456533028728125
-0.1571720751567486	0.036330629500977873	-0.1548144580530906	0.09203883536070359	-0.062262701428906345	0.07864203071599178
-0.14752140052343765	0.030620822131738126	-0.14583309084761037	0.0957290596771808	-0.06711030205898647	0.08354059628242201
-0.16055575937553462	0.0432375153270676	-0.15683942321978117	0.09135781494554276	-0.06973061120312538	0.07694145539513023
-0.16055575937553462	0.0432375153270676	-0.15683942321978117	0.09135781494554276	-0.06973061120312538	0.07694145539513023
-0.16155894523257602	0.04776692539300259	-0.15774416291860097	0.08511490547903017	-0.07826444787942556	0.07162969088507982
-0.17968807933705533	0.05652417457845586	-0.17649873516975295	0.06986107846157982	-0.05749815568235183	0.054394656589478695
-0.17968807933705533	0.05652417457845586	-0.17649873516975295	0.06986107846157982	-0.05749815568235183	0.054394656589478695
-0.184316964137391	0.05809779626086563	-0.18147681378403238	0.06432427150625729	-0.051557857300987414	0.04909617845428297
-0.17684222681050643	0.04559475155570863	-0.1724370274077269	0.07604468865339915	-0.06126852449288779	0.06088460580632913
-0.17941520647155557	0.047678058744695745	-0.17402454023204142	0.07630148010745787	-0.06185475725793847	0.060312440850503114
-0.175225551625028	0.04620382124073122	-0.17017027118309117	0.08836109757431367	-0.0850004470505285	0.07297466389369098
-0.19514885618708747	0.05029575272449014	-0.18871943984707956	0.08974564347980186	-0.08386686459440724	0.0740313349758748
-0.18682290325485088	0.0477666669201753	-0.17968738935786432	0.09245743483784585	-0.08424879424563463	0.0771126139004149
-0.18686354801760657	0.049799096649897	-0.1787430864891728	0.09006020029735015	-0.08272466402194527	0.0752329242724464
-0.1948921088613222	0.05876393715337271	-0.1866748728785605	0.09064564507299092	-0.09226432318757764	0.07537061622694785
-0.20553209276518308	0.05663118700037609	-0.1971370912716591	0.09254469216548655	-0.08100940913192375	0.07923983799756731
-0.19649240324285983	0.04893387611779777	-0.1874387469497893	0.10098719344164755	-0.08519609837893703	0.0873520128539362
-0.190979333992622	0.03655997988513819	-0.18383287248103325	0.09773907932332618	-0.07757758364987266	0.08671487593706712
-0.2017952110721602	0.038212313530255	-0.19447342989033845	0.0928488807764246	-0.07186507618037002	0.08256926418427724
-0.2105029841527064	0.05722501685148054	-0.20127821459350742	0.08743667089366963	-0.08419323883085772	0.07596453006967782
-0.22895190425810746	0.07209514220029509	-0.21928568912673269	0.07853973184569063	-0.07639504128040236	0.06738388962425695
-0.22895190425810746	0.07209514220029509	-0.21928568912673269	0.07853973184569063	-0.07639504128040236	0.06738388962425695
-0.2197242894607483	0.061686110130553876	-0.2119643867989616	0.0827316518418931	-0.08307051567883837	0.07387601640573065
-0.20742894661371925	0.053945850163598444	-0.2004087433200719	0.07973477232699759	-0.08773031001100598	0.07216089236506262
-0.20742894661371925	0.053945850163598444	-0.2004087433200719	0.07973477232699759	-0.08773031001100598	0.07216089236506262
-0.2128561025135336	0.04969118342814641	-0.2065369083293328	0.09437762903246172	-0.09690295104440735	0.08802302523908904
-0.21750270188808712	0.05838449303137793	-0.209287771143442	0.08323407427064729	-0.08940768516457448	0.07518179580150218
-0.21356281834882945	0.05744732552108608	-0.20550766365459355	0.08014960979669128	-0.08847634360439209	0.0720070762338006
-0.2091043512648183	0.037564863072599285	-0.20132222619153944	0.08946817351748632	-0.08321389858016809	0.08118685637799737
-0.2217733877835608	0.048681790225558026	-0.21494684289747357	0.0792986300281752	-0.07378078717359622	0.0722618512096478
-0.22507664581575648	0.049284591138774564	-0.21766780393408114	0.0748279596020407	-0.06459067966738169	0.06747894902906815
-0.21599501034943333	0.04860923215630393	-0.20904742661602665	0.07080911672717848	-0.07084111208615936	0.06417949108448646
-0.21599501034943333	0.04860923215630393	-0.20904742661602665	0.07080911672717848	-0.07084111208615936	0.06417949108448646
-0.21155863411233816	0.02606998391463235	-0.2050603890608747	0.09330345920383372	-0.0774966139297097	0.08713463903894078
-0.20712485744629694	0.022555180813377554	-0.1997692400725787	0.09149023486752618	-0.0750992583360269	0.0845440373375244
-0.19257056059321886	0.022629761903991668	-0.18570001247270906	0.09940646465915204	-0.08700197073167698	0.09080777775142809
-0.1939653323439906	0.025825815437490685	-0.18702988946673912	0.09813788264906423	-0.08712015597037559	0.08981469100571404
-0.17982541034444932	0.020746422493377555	-0.1728108412659902	0.10926584112036279	-0.10966842514194702	0.10189450599540319
-0.1785444913575912	0.03947596894281731	-0.17159210424890675	0.10036547633461033	-0.11099833705531398	0.09480051398826625
-0.1785444913575912	0.03947596894281731	-0.17159210424890675	0.10036547633461033	-0.11099833705531398	0.09480051398826625
-0.16648635876069617	0.027880348415443595	-0.1571622431582	0.09389684583898389	-0.08965226917321668	0.08637944477299314
-0.16745480034786808	0.024936342016241606	-0.15736152008222126	0.09799033275458194	-0.09185603258383611	0.08854044635081239
-0.16828216283198066	0.020075768118051562	-0.15860279325135399	0.10922008254899457	-0.10033549003917099	0.09926325620266287
-0.18031817893499358	0.026819399472869626	-0.17138672605468636	0.11734771387791806	-0.10153250428218406	0.10881779359709956
-0.16736767362960497	0.01235090041619799	-0.1601000132955639	0.127793515758608	-0.10851134198381865	0.11963364117839387
-0.17210794618732622	0.012696977848340929	-0.1646534921508231	0.1345989626154997	-0.12173114374768501	0.12632732111294473
-0.16004538271799248	0.010106355973823417	-0.1517881136996279	0.16369622662532002	-0.157130249143157	0.1550978920402001
-0.1645428874013498	0.012094986275457876	-0.1566935980580082	0.16499085014943132	-0.15684907677070897	0.15573053551362315
-0.16279200598002588	0.0009254110022873338	-0.15488302338153806	0.1873630926880922	-0.17176939050137185	0.17884535658552309
-0.1462864430547955	-0.017339946404561577	-0.13790018802308293	0.1922924861937283	-0.1713040568915565	0.18218735688227428
-0.1520345202364868	-0.018095290888860003	-0.14558887318479663	0.1899551057150154	-0.15909211854566824	0.17974296003446405
-0.14219293940549974	-0.010730287782149125	-0.13501300747145473	0.18629802303481374	-0.15861589471035678	0.1764336374123793
-0.14492683127921702	0.001717082704639997	-0.13613598425375556	0.17485667723667994	-0.15085817114476485	0.1653401937953343
-0.14740456511591346	0.0025854287921498933	-0.1385477181578047	0.1762767329632381	-0.15253743782770213	0.16696381761490126
-0.15238410876362626	0.0010004781631473502	-0.14205571628168084	0.18292586864997454	-0.15328331961160546	0.17094448606848453
-0.1553843027931142	-0.0025666142366456163	-0.1457374813557235	0.18417128265586202	-0.15133993546830876	0.17227332911907353
-0.15630642258894292	0.003810155011593431	-0.1450708557866348	0.18804918586314234	-0.15190296385713353	0.1752953700089244
-0.16113335566944054	0.006450117344606368	-0.14935352561609233	0.20070352474703285	-0.16647410823766812	0.18898473561803225
-0.15020021954331367	0.019219810998216177	-0.13662754914958694	0.1860259445815376	-0.154164600951891	0.17346121069721543
-0.15020021954331367	0.019219810998216177	-0.13662754914958694	0.1860259445815376	-0.154164600951891	0.17346121069721543
-0.12285600988129858	0.004951192336377242	-0.11206598093765083	0.19892347933476384	-0.15929440005040174	0.1892414470241696
-0.13735357434062917	0.0052958070360644705	-0.12726253221867445	0.20492772324335612	-0.16030354713109407	0.19450271383822898
-0.10827452512037797	-0.002050836572099332	-0.09771496532446214	0.1992606217702072	-0.16431231391245185	0.18971236351172924
-0.12223483956918696	-0.011518669415913176	-0.11400648902415272	0.20439576378908758	-0.15774207961904424	0.19655165228254284
-0.12223483956918696	-0.011518669415913176	-0.11400648902415272	0.20439576378908758	-0.15774207961904424	0.19655165228254284
-0.12128850226074003	-0.010193403028263869	-0.1133474727732742	0.20149074214546958	-0.1645622149380806	0.1931727391397176
-0.10354467604667814	-0.019820916355063712	-0.0957551492150783	0.2018681001687899	-0.15901408664560657	0.19339529684002368
-0.09366454149819287	-0.020442155339181763	-0.08511364247856898	0.20646247702235757	-0.1644556691248557	0.19883831367675708
-0.1056208960415381	-0.016238719117315895	-0.09895695671619506	0.20392890962791937	-0.16101231297947588	0.19512520201885905
-0.1056208960415381	-0.016238719117315895	-0.09895695671619506	0.20392890962791937	-0.16101231297947588	0.19512520201885905
-0.13149210081577273	-0.013432149449557791	-0.12202847169964344	0.20373752498367498	-0.14648143820971743	0.19320063813765126
-0.12889301248760446	-0.01594302884347174	-0.121155884701994	0.20859214487888542	-0.1494598596983505	0.19875508654755497
-0.12043797603208108	-0.008255136584250575	-0.11410641051472281	0.2014429811195129	-0.14866852032805086	0.19223604318887794
-0.11203262506894106	-0.023315662303388145	-0.1065567912466024	0.21720212682814935	-0.14834970303180384	0.2071788726850266
-0.12916834569818353	-0.009922449006619956	-0.12269540362567624	0.20538999465451113	-0.14705270864081166	0.19178990089677003
-0.12916834569818353	-0.009922449006619956	-0.12269540362567624	0.20538999465451113	-0.14705270864081166	0.19178990089677003
-0.1337037609788583	0.0013416677548061082	-0.12737536712357125	0.2056047707795981	-0.1523767714246007	0.19220807872979942
-0.137070951711468	0.011623222680301122	-0.13016745113255557	0.203180603669788	-0.1550537477534592	0.18909675673282825
-0.13868536650277424	0.01411050477452484	-0.13089978465343324	0.19796742139555454	-0.15193234336332379	0.18330575503546082
-0.13868536650277424	0.01411050477452484	-0.13089978465343324	0.19796742139555454	-0.15193234336332379	0.18330575503546082
-0.15256518937102403	0.017582715661195014	-0.14540399461468642	0.20709448033096328	-0.15976893910628492	0.19389494674297258
-0.17752079533566467	0.027232195283390236	-0.16952074684326796	0.22399704049718397	-0.17927167598079888	0.2099916042397451
-0.18048093251214958	0.02694489161124536	-0.17307635912598368	0.22368400585963938	-0.17732942307847335	0.2116765738221977
-0.18927686185603615	0.038801502401069596	-0.18065469390832495	0.22255737654328542	-0.18046473424523968	0.21062466509626776
-0.196836515780104	0.037118735894858104	-0.18764684376195115	0.21840550304586015	-0.159406286857941	0.2067396176454788
-0.20803308796833514	0.05562741322166527	-0.19748473993803042	0.216474386096064	-0.16508208539364103	0.2037382957544472
-0.21160055742229217	0.053880428436616085	-0.20082701973197087	0.21786891881640827	-0.16733172213761807	0.20395902526051282
-0.21269005362350585	0.05009530634643643	-0.20282615641816043	0.22124072704516223	-0.17070369468606178	0.20874800943202396
-0.2240249041836323	0.044134764167901734	-0.21345196878876088	0.2352266721875516	-0.1731377487954058	0.22220862477965003
-0.21640622271687332	0.04135335494635789	-0.20364971232872245	0.2552289951754362	-0.20506353707711705	0.24132881845245635
-0.2135843130298606	0.03374021542084897	-0.20105302654770807	0.25135034967493153	-0.19639030915866235	0.23817111606015484
-0.19580763721408992	0.02973309846173742	-0.1826776628296937	0.24711285473999925	-0.20324362358622688	0.2329017154837516
-0.20976676932620916	0.03271249255474607	-0.1969171430085594	0.2574158562828404	-0.20025305065497345	0.24299509616090825
-0.21343933693397274	0.035308044298368244	-0.20049424980178937	0.265082319080393	-0.20671571303016628	0.25062413590584653
-0.2354346678365986	0.05122278204942312	-0.22305108730957315	0.2755851244846387	-0.2241360497107743	0.2620059247523242
-0.2354346678365986	0.05122278204942312	-0.22305108730957315	0.2755851244846387	-0.2241360497107743	0.2620059247523242
-0.2356714573052733	0.05199425213103637	-0.22475401290903152	0.27812922252468797	-0.22596146915808993	0.2665514924101906
-0.2356714573052733	0.05199425213103637	-0.22475401290903152	0.27812922252468797	-0.22596146915808993	0.2665514924101906
-0.25558002560542936	0.02989365891811266	-0.24513613648821375	0.28751038876848034	-0.2215291699741837	0.277501150579386
-0.25558002560542936	0.02989365891811266	-0.24513613648821375	0.28751038876848034	-0.2215291699741837	0.277501150579386
-0.2664762251376801	0.036345666179655525	-0.25607858317054105	0.28609046396516147	-0.2099846733120474	0.2767121853672658
-0.27968470505241333	0.042644610487821255	-0.27115337700308334	0.2822324265029853	-0.20658074164930246	0.27416299050379456
-0.28422404122802924	0.051299938436319505	-0.27493342573859286	0.28627064386507356	-0.2136689218597085	0.2776402644886371
-0.2790119268734278	0.052535899073859055	-0.2684835907642637	0.30057293043411026	-0.2257819830683441	0.2888447669574343
-0.2797932221631108	0.05439145241731568	-0.27029735265709254	0.300409777783384	-0.22377875935580266	0.28923716200579086
-0.28945194314493	0.05691237599425927	-0.27973287448616035	0.29921058161103614	-0.22157960759334344	0.28710022492604526
-0.2954454349873377	0.05545370662792347	-0.28611364117599575	0.30224409409456854	-0.22414869050754654	0.29042563605716076
-0.3314038753489796	0.07033755730635603	-0.323040794684753	0.3124723006729538	-0.24288423491472377	0.3004915401449574
-0.3314038753489796	0.07033755730635603	-0.323040794684753	0.3124723006729538	-0.24288423491472377	0.3004915401449574
-0.3347992378392587	0.07152006507651784	-0.32658837738553187	0.31238726349679635	-0.2396928245071019	0.3003938873364668
-0.3417346231358674	0.08069292194207359	-0.33497028470406826	0.3144180927486372	-0.24152290080374733	0.3025320729731888
-0.3452778976437205	0.0836140136552145	-0.3379177877289029	0.3102804571396576	-0.23615969308870555	0.29725792689162406
-0.3497414071084358	0.10314845568910586	-0.34114281655557566	0.3109019126756267	-0.24078034445279597	0.2970167361983259
-0.36878066822182376	0.10920958881572689	-0.36028410225842	0.31006355742094405	-0.22943805199260228	0.2950680004111016
-0.36593587115665427	0.11013996888935781	-0.35746889492908623	0.3080556976019456	-0.22773666517246502	0.2925666037382537
-0.37085791422356384	0.11370297745301756	-0.3626802816964869	0.31139632182790095	-0.23230804852506637	0.2955228132095771
-0.3807125711274881	0.11090405835678271	-0.3711051429366069	0.3112731616709927	-0.23047032034366016	0.2936839938743525
-0.39676157497996023	0.1114000097024492	-0.38790874147936855	0.31918617224921675	-0.23033397291242574	0.302393702101663
-0.38576315634573566	0.09401768930097194	-0.37620265628467575	0.3257003611323197	-0.23267452367218866	0.30750305387464427
-0.3724042264798233	0.08707093654518401	-0.36119224751321616	0.32689306586614364	-0.2334678160758656	0.3093487820745574
-0.374811702003201	0.08795129076837829	-0.3638662930630285	0.3216563630389204	-0.2275132219186478	0.3042802992968816
-0.374811702003201	0.08795129076837829	-0.3638662930630285	0.3216563630389204	-0.2275132219186478	0.3042802992968816
-0.3927164743547962	0.10324973322705541	-0.383287963415887	0.31491863378991447	-0.21823258780420873	0.2971889598799471
-0.39188819173013884	0.10664815869151703	-0.38251723480086275	0.31853861983642284	-0.21928508541138786	0.30085718603041556
-0.40640088007216646	0.13564475503625148	-0.3970106120064559	0.30967984607672744	-0.2052697699243341	0.29295142831628407
-0.40640088007216646	0.13564475503625148	-0.3970106120064559	0.30967984607672744	-0.2052697699243341	0.29295142831628407
-0.40829654905999924	0.1360286238613962	-0.399104104553374	0.3091443125049105	-0.20023876710443295	0.2923811432855159
-0.4135525458784356	0.14272023637772302	-0.4047587370865573	0.3018654623122873	-0.17935116063404719	0.28701140854504237
-0.42316570957728106	0.14881323946126765	-0.4145564960686184	0.2813325622195541	-0.13291066122941209	0.2654753618729327
-0.4106646684891265	0.13161577172422922	-0.4023451000380433	0.27715937834269594	-0.12670790049248856	0.2623145263252681
-0.39488719436051944	0.11676388698683146	-0.3875731423508031	0.2667793850189435	-0.11173777828330435	0.2530431474098584
-0.39079506950526655	0.10379820045711508	-0.3833998217525558	0.26982851913326333	-0.11031190226114378	0.2564414262845957
-0.3793433601799161	0.09631176414334064	-0.3723264281935905	0.2799589514370313	-0.12002806526808713	0.2671717474717936
-0.3673956571308458	0.10712964958244407	-0.3610076328591052	0.26613589228005563	-0.11270890608754783	0.2545149084616575
-0.36810547202638433	0.10999440316105841	-0.36119265569035175	0.2644561125849419	-0.11627600946055097	0.25074546842986534
-0.36116359435991374	0.112470493310763	-0.3542674998701497	0.24498202743774455	-0.08409059958997034	0.22960596983242226
-0.37744603968996404	0.1238139130515122	-0.3716671502248846	0.22629470562778325	-0.05969995775083881	0.20966002173353881
-0.3642569639721307	0.11712788919855514	-0.3581197013530972	0.22127258124102228	-0.05418111989526253	0.20530381744891513
-0.366972974928811	0.12171216214221448	-0.3632293677142804	0.2003766611574966	-0.03704681222239669	0.1850678553868059
-0.36407321677037713	0.11997434845247376	-0.3593886387913723	0.19350484756656275	-0.028198928906410025	0.18003964864692967
-0.3516832788132599	0.11408425569966368	-0.3464735315054319	0.19080006738368177	-0.026796524814023597	0.17752293067263208
-0.3426084721924382	0.09575096168786576	-0.3372322716156524	0.20559687891574785	-0.03504737904934576	0.19363911900980335
-0.36360846715873746	0.11290175112458467	-0.35741866910436426	0.19446035490719277	-0.024315426056583107	0.1824590813171291
-0.36501711230727796	0.11314960610802395	-0.35819483486615117	0.19678065467424494	-0.017978396871671156	0.18405598216761615
-0.353602573350595	0.10633228730291414	-0.3478790335548587	0.19248586571144335	-0.01782910600119289	0.1810519598577406
-0.35232111424276513	0.11040389852367843	-0.3452893683315222	0.17923354011968906	-0.0052197692745213405	0.16539479286417313
-0.35232111424276513	0.11040389852367843	-0.3452893683315222	0.17923354011968906	-0.0052197692745213405	0.16539479286417313
-0.34255404804692813	0.08806498609310204	-0.33576651125688517	0.18575644021890225	0.008723115774572458	0.1720620480114019
-0.34679075221792266	0.08458088770713237	-0.3396246399733812	0.19051831288148324	0.013462657654550089	0.17544329366871744
-0.3413977987820386	0.07910265593647098	-0.33313298784027234	0.19507570832473126	0.004555993834692058	0.17929486840879835
-0.3379729132544276	0.0736801586492506	-0.3292408621256657	0.1987757577737769	0.010364245861520027	0.18290335197543695
-0.3402432096478021	0.07109690403078953	-0.33120299734949854	0.20712544971624117	-0.004652884550590022	0.19199483569251752
-0.3599714659080286	0.08189891897436338	-0.35159241183739753	0.1921529610608926	0.03264110591499138	0.1776256391298388
-0.3484669119855071	0.060197385210662	-0.34047905811838564	0.19944356118251583	0.03491793147916892	0.1849796157601627
-0.34565023743095313	0.058489286734522875	-0.3374655188784599	0.20007473061340508	0.03637846057933479	0.18480063440547922
-0.3469084926277042	0.0548117010330497	-0.3388385304693514	0.20387342083523546	0.039109142561884414	0.18866583169913353
-0.32661261341273057	0.04939815017864821	-0.318266531164352	0.19398063966898438	0.04495086622565295	0.17865563806298174
-0.32661261341273057	0.04939815017864821	-0.318266531164352	0.19398063966898438	0.04495086622565295	0.17865563806298174
-0.31937256956013566	0.042779241170573946	-0.3125295374791809	0.21488797359980225	0.008141127006085321	0.20131972909870738
-0.31141520274161827	0.0312926849303233	-0.30548877036930344	0.223907607254267	-0.00987443587036666	0.21104591071166812
-0.30558828748450473	0.028957455943256317	-0.29885830149427745	0.22527950050490625	-0.02029121383231833	0.21271332727049663
-0.2919275017037801	0.020738289336350316	-0.28571172599792	0.2230960128210308	-0.029725177706500808	0.21071291645572654
-0.2868445319666697	0.015104584052921779	-0.2813200146071572	0.22204540613330856	-0.021887682526038076	0.20954051016570027
-0.28538775647515774	0.017594940747849425	-0.2825147658160776	0.2229821365793135	-0.021164977052308423	0.2117956742968251
-0.2804991692803944	0.011401791931602366	-0.27763972365287015	0.22935847463448628	-0.02507432008754563	0.21895582781372785
-0.24979850634842318	0.0160762498043231	-0.2458627710610517	0.2127339300001278	-0.0378139258817322	0.20104556905560422
-0.244437830179118	0.008865579934967787	-0.24086874235350086	0.2213548107098296	-0.04660811011546398	0.2100203511138982
-0.2554807226925689	0.025475982238033386	-0.2516000918179135	0.20489066029144692	-0.02589559074270499	0.19304158028917917
-0.25737461191446154	0.02272119659418712	-0.2530513843205815	0.2063980924900612	-0.02308353731029883	0.1945811905557705
-0.2658937399916094	0.03779117086558548	-0.2617198321548651	0.19123590658794384	-0.015339653582336181	0.17982709973696184
-0.07309397459030495	0.08725170585862427	-0.07569017933380315	0.031229211493658423	-0.02720427522488698	0.034324193509913725
-0.08003611014620941	0.0875604924741924	-0.08236649902442492	0.03698754272595523	-0.022598171483871447	0.03973759122188514
-0.09351630268029187	0.07377827299642631	-0.09470591183226622	0.06128528463422932	-0.039019893142086426	0.06347819081974787
-0.08572831660333621	0.07669057330342394	-0.08621499480260127	0.039813820448522844	-0.011359167960101963	0.04152610141085618
-0.09215653598264678	0.07245628570087359	-0.09198166367217583	0.04406866085855099	-0.009569965553371196	0.044287455931697584
-0.09011437796043983	0.07248039823823102	-0.08939903816436318	0.04519395801276929	-0.015256428922309606	0.04510913190303502
-0.07705625456068908	0.05944568268662591	-0.0768838636037125	0.06485534200038229	-0.03030175018664257	0.06379104286473633
-0.07020973098929102	0.05841911493171391	-0.07035325699616504	0.07460041643773896	-0.04199534021045288	0.0744874714674966
-0.06839310875103649	0.0616585640610532	-0.06900231278167954	0.07319646916342301	-0.04643771203066403	0.07366581885925261
-0.07370961426060005	0.06423421174854177	-0.07423218542568066	0.07638975545838272	-0.046689319324248045	0.07667500579454409
-0.10711488066223927	0.0772165741027131	-0.10725236761144087	0.0720647334596421	-0.04467257153600647	0.0719925284360583
-0.09456239323454346	0.07631241278427599	-0.0955805446380022	0.07522701355039654	-0.05622066323253708	0.07640004677232153
-0.10061674138583687	0.07046305018030075	-0.10262868014519717	0.07476219950126092	-0.03808198145108155	0.0773911937922025
-0.09837045882856997	0.06295843256549336	-0.10045290858598957	0.07197323696461796	-0.0299883342092526	0.07488617060626708
-0.09740444628891637	0.06526002638125866	-0.0995037143884113	0.07764695809195557	-0.038349755228458175	0.08065852695777084
-0.08552710009114263	0.06357130500081282	-0.08915169874367126	0.05956691406299633	-0.0329245977377173	0.0633668464626158
-0.08483134263852588	0.06129241641090984	-0.08861341916217344	0.06158489218498305	-0.033611530849170526	0.06554928634718557
-0.0869700217971917	0.057923633464823175	-0.0900306243601248	0.06685835115122402	-0.035254413956999374	0.06949464615866416
-0.08909431467628405	0.05867216090220522	-0.09392398307315904	0.06987689296498825	-0.03491776334798766	0.07474750911737671
-0.09652110817214589	0.07010497899789868	-0.10176411163527413	0.0655217534489008	-0.03387182791274512	0.0710639205835413
-0.1082779813205896	0.07384127765845422	-0.11377375362264008	0.06335671938357224	-0.033314964845035405	0.06884445910658897
-0.09985328663397411	0.06930123145714552	-0.10499928587149615	0.08157157646043632	-0.044435176240312096	0.08720302882377237
-0.09462770549142438	0.0708429256837606	-0.09953088472812856	0.08484343309421274	-0.051451371798515666	0.090125647378916
-0.08996314592822505	0.07312529298391615	-0.09494272249234353	0.08397387803432539	-0.05435488778170483	0.08919138963131543
-0.08996314592822505	0.07312529298391615	-0.09494272249234353	0.08397387803432539	-0.05435488778170483	0.08919138963131543
-0.08522716077484482	0.06786146251818359	-0.09014169019630006	0.08903820996618894	-0.054712237602514584	0.09420168905539669
-0.0868633876653366	0.0700923307110479	-0.09199979428643962	0.09119589408169884	-0.05767589318817142	0.09633658392066045
-0.08307334693730412	0.06608680422438962	-0.08762887925302329	0.09559842127110396	-0.06303446475022972	0.10000011905608096
-0.06852449863538938	0.060052864463635974	-0.07092622732867696	0.08967316136296014	-0.06296310017958105	0.09012540346270552
-0.07238132177715413	0.056851209496070365	-0.07418946750952177	0.10238078247388095	-0.06829036418687422	0.10123619947242385
-0.07238132177715413	0.056851209496070365	-0.07418946750952177	0.10238078247388095	-0.06829036418687422	0.10123619947242385
-0.07417954627053121	0.056083852363511905	-0.0759554750804661	0.10823437682009057	-0.07677590546564897	0.1057757303287456
-0.07382308999357967	0.05512149668221711	-0.0748511465949728	0.12076273063360941	-0.08625435175121175	0.11870328907377253
-0.09138521954578269	0.049610648207564126	-0.0916941151059783	0.13722168052139724	-0.07604993200559196	0.1331473388088273
-0.10458688879458969	0.031169992083027787	-0.10449546974708776	0.16378757170950448	-0.08128961618554974	0.16024704291764064
-0.10694020541007797	0.02453931325249355	-0.10792475916810779	0.15873584254482997	-0.0611045339530699	0.15579647166395083
-0.11823207755774306	0.025847777664141043	-0.11902372811325207	0.16414616541641858	-0.05754942540679926	0.16046002342595778
-0.0924141746000554	-0.0037628003077635865	-0.09106729293545467	0.18564366253176287	-0.06536149311897109	0.18042188598834386
-0.09472176655447002	-0.00047765955882936285	-0.09292327172507975	0.18989508819224252	-0.0660016506490768	0.18393488377587094
-0.0731690083443982	-0.01014724384351199	-0.07208055979383782	0.1938954388009006	-0.07047490264966544	0.1884451867291031
-0.07705352612087275	-0.01595211443660724	-0.07595149517340412	0.21086304615095497	-0.08014470408864362	0.2066821334537099
-0.07554968566335954	-0.02827832971480378	-0.07423675464733161	0.22162550400453507	-0.08338535813724056	0.21795620388694947
-0.08565069842047315	-0.04366378647589285	-0.08395728521391607	0.23000094755617279	-0.08311700648766732	0.22764766678726095
-0.08565069842047315	-0.04366378647589285	-0.08395728521391607	0.23000094755617279	-0.08311700648766732	0.22764766678726095
-0.0765189240047518	-0.04191129937719364	-0.07453850668073428	0.2243771136306016	-0.07853726563591618	0.22254372065659928
-0.07360632160442479	-0.04031501815395437	-0.07133975373303397	0.22247312640495073	-0.07498235624190507	0.22043363643625452
-0.08822202272164997	-0.02179209463489288	-0.0860099052132625	0.21458557541390494	-0.06934382472091974	0.21238839273684185
-0.08345291253940937	-0.024787765230640142	-0.08127232512471635	0.2272952715112817	-0.08037767953914648	0.22628472382259063
-0.09025354723220493	-0.021649089374089305	-0.0881935659112633	0.23312886933321889	-0.07879070525984391	0.2324813104811747
-0.09317539768403212	-0.027502715399710494	-0.09152498333352846	0.2235268131782989	-0.06114749556343791	0.22442425579305406
-0.11152854870601879	-0.014487176263641762	-0.11040035989024868	0.21249207176117135	-0.05239078774316645	0.21336699822133015
-0.11144580757048492	-0.016228148147382836	-0.10920431053753957	0.21699038927108338	-0.05496151374647658	0.216682068343615
-0.10954650885657916	-0.02041562218318443	-0.1069939932556167	0.2210121289069713	-0.05884907013202257	0.22092817755788563
-0.10954650885657916	-0.02041562218318443	-0.1069939932556167	0.2210121289069713	-0.05884907013202257	0.22092817755788563
-0.09793110753552944	-0.04079947978525606	-0.09583317644807142	0.2421637532810108	-0.06920318922400945	0.24467170243331915
-0.09903224706607922	-0.04372247828396604	-0.09539941501214204	0.253090691591756	-0.07301380240874944	0.25500705848486876
-0.08885121860081292	-0.040742404433147784	-0.08534353674137682	0.24274778659601365	-0.06333356209903859	0.2440090778593691
-0.09153861012581727	-0.057945899068615	-0.0879499538782952	0.24946548276723846	-0.05792617088213699	0.2508491040708821
-0.09173886734290712	-0.053062716986566894	-0.08939707831160595	0.25883410422630315	-0.06710645780284234	0.2602726702381742
-0.09155262549252985	-0.05403974288223208	-0.08888864488920861	0.2644858004106462	-0.06997006253434222	0.26598471200169355
-0.09155262549252985	-0.05403974288223208	-0.08888864488920861	0.2644858004106462	-0.06997006253434222	0.26598471200169355
-0.08592287866117874	-0.04305832516722492	-0.08407716709052754	0.2757924655240538	-0.08101676161433455	0.2780406049092504
-0.08990825198041687	-0.03574507090420881	-0.08857594806490962	0.280030239229233	-0.09343343578266902	0.2832822584313871
-0.0914711593119764	-0.02180176258110322	-0.08986017658695927	0.28006203488623715	-0.08628810653656224	0.2835535864075944
-0.0952139096718514	-0.018492092647166468	-0.09422146409722128	0.2868900661406605	-0.096562563549802	0.2912291731187334
-0.10268319497032671	-0.025302398698930136	-0.10170105253257458	0.30477255767347833	-0.10317579634509592	0.30963452740536257
-0.08584615849228588	-0.03591920464153037	-0.08434539797377953	0.30601878233366764	-0.113735152745126	0.3101052845757077
-0.0760225357411588	-0.048585786756261615	-0.07466381742727005	0.3053062993306057	-0.11148400192209336	0.3102160559341798
-0.0760225357411588	-0.048585786756261615	-0.07466381742727005	0.3053062993306057	-0.11148400192209336	0.3102160559341798
-0.062271900691382165	-0.062469338629581955	-0.060343613096161416	0.30900214732535414	-0.10767511571695945	0.31278149891383783
-0.05745614125331007	-0.06267413111217233	-0.05571978198468663	0.31565339190026975	-0.13603710264873486	0.3207735497577323
-0.05745614125331007	-0.06267413111217233	-0.05571978198468663	0.31565339190026975	-0.13603710264873486	0.3207735497577323
-0.06434637294967913	-0.06578966818420742	-0.06363888778710731	0.3090351483965136	-0.1172911615319242	0.31392993549189313
-0.06200022829428323	-0.07174148877808621	-0.06036206682890066	0.3263488639172839	-0.13547060555647344	0.3304552147028345
-0.06200022829428323	-0.07174148877808621	-0.06036206682890066	0.3263488639172839	-0.13547060555647344	0.3304552147028345
-0.05829763759092539	-0.06803682026823926	-0.05566918868968661	0.3399918813861118	-0.15426384667696827	0.34394917192443875
-0.062209957232426095	-0.06901945203112081	-0.06025520128367339	0.33714994542844545	-0.15248321032014125	0.34176375694279687
-0.05854903478739164	-0.06042463093443184	-0.0562167936816354	0.33339574343140793	-0.1491060854651305	0.33782389419125247
-0.03430122673475618	-0.08163967493084508	-0.032276394381736545	0.34496085802758525	-0.16993846240521182	0.351703366698639
-0.031082230888877658	-0.08701646009370825	-0.028144388223408267	0.36370585037778796	-0.19249546082487193	0.37104599071967437
-0.031082230888877658	-0.08701646009370825	-0.028144388223408267	0.36370585037778796	-0.19249546082487193	0.37104599071967437
-0.040632429308738935	-0.07707812191928878	-0.03779377630146049	0.3675110647610885	-0.19786526176600971	0.3746359391443116
-0.040632429308738935	-0.07707812191928878	-0.03779377630146049	0.3675110647610885	-0.19786526176600971	0.3746359391443116
-0.053562345384034676	-0.07638552682798971	-0.05074168477181389	0.36624001706993314	-0.1916197931204993	0.37320528728431857
-0.05332497004442844	-0.07678377937261854	-0.05093036784190017	0.37139014076281185	-0.1886601977038423	0.3785865408504655
-0.05631231125453569	-0.07493150911449098	-0.05417512385371435	0.3727535568632665	-0.18128154557111276	0.38102050885651817
-0.05631231125453569	-0.07493150911449098	-0.05417512385371435	0.3727535568632665	-0.18128154557111276	0.38102050885651817
-0.05133676665500759	-0.07148124243409254	-0.049265318930473305	0.37206418625023097	-0.184373557027931	0.3800172949920032
-0.030901305212465133	-0.08388377980985434	-0.02888813931052851	0.3756174494444664	-0.19585330193675743	0.3830382373036624
-0.02322036081736532	-0.08319551213510709	-0.020721614537643318	0.3754563051224109	-0.20023310329319147	0.3826965800889569
-0.03589516605458801	-0.07474080393020185	-0.03313065047084007	0.363456100271089	-0.18632605793356022	0.3715914993990951
-0.0342444660183698	-0.08357064839493238	-0.03214259685079503	0.3672356905612494	-0.19109411502488	0.3766855918430343
-0.03501809164925448	-0.0791159128171724	-0.032798802856121655	0.36728317627034457	-0.19562703207322946	0.37550229422521575
-0.020109896629389744	-0.06732923922972489	-0.017556760337248067	0.36056861231929604	-0.19137980848625585	0.36985520399741595
-0.005082656998671893	-0.076585121443833	-0.0032691743704636508	0.34966301669696165	-0.17832311722848396	0.361813141980313
-0.005636597872602277	-0.08213140878230846	-0.003779250786671918	0.34607556522977023	-0.1782375100471855	0.35897059894529326
-0.005636597872602277	-0.08213140878230846	-0.003779250786671918	0.34607556522977023	-0.1782375100471855	0.35897059894529326
-0.021666926042105808	-0.07933413485656557	-0.020787476898609197	0.3456801154371584	-0.16621844843017444	0.36019252968447574
-0.022120439970563305	-0.08233698841210202	-0.021054208820379335	0.3424262842399226	-0.16292250193602237	0.3562764634339137
-0.007046191970777766	-0.09841532290705524	-0.005910650534993452	0.3441517288906099	-0.16076814630650244	0.3577717288058721
-0.0061340921559986765	-0.09042236666849571	-0.004996435192448821	0.3393718452640273	-0.16097013247375302	0.35378315944269656
-0.0061340921559986765	-0.09042236666849571	-0.004996435192448821	0.3393718452640273	-0.16097013247375302	0.35378315944269656
1.6254863485221094e-6	-0.09270014350321795	0.0016973647361724232	0.3537607687892809	-0.17327590222272454	0.36822551066549425
-0.00270943760214443	-0.09354572893158805	0.001050149876556803	0.3434104146903224	-0.16800120194627674	0.356548824679614
-0.00270943760214443	-0.09354572893158805	0.001050149876556803	0.3434104146903224	-0.16800120194627674	0.356548824679614
0.013668336183251325	-0.10536248258469613	0.01637417761738546	0.3462945465195767	-0.17142855559154357	0.3572625246177098
0.024498474102070438	-0.11276363593157687	0.02601733046802282	0.34981400274058816	-0.17639866388397596	0.3595881277176237
0.024498474102070438	-0.11276363593157687	0.02601733046802282	0.34981400274058816	-0.17639866388397596	0.3595881277176237
0.020595088282406842	-0.11127693276985066	0.02175525154501035	0.34977199892062827	-0.17648097527765128	0.3596923120554647
0.04110564961576377	-0.10361935321266601	0.04315582642911459	0.33207369529275316	-0.16801457938844697	0.34118660103942255
0.04110564961576377	-0.10361935321266601	0.04315582642911459	0.33207369529275316	-0.16801457938844697	0.34118660103942255
0.04603846594173698	-0.09993274757047213	0.04842298758784304	0.3250913916501761	-0.15999280541042724	0.33369234630571
0.03754931527939555	-0.09713836069010931	0.040289047058460446	0.32869470076505625	-0.1657529072602439	0.33885510387676887
0.035499814295871075	-0.09895637002948948	0.03889415390979835	0.31663519568620785	-0.15389024685687364	0.32636156565363605
0.0364448988591979	-0.10110529567014093	0.040682474870749406	0.3210704372773935	-0.1564579427168693	0.3295695590439037
0.025450653088946725	-0.09546370837439841	0.02962385296603086	0.31178668931655396	-0.14910799412723091	0.3188298697710065
0.026512244578708738	-0.10255170707735077	0.030590805437212806	0.3015996115321924	-0.14298899344218485	0.30824722088625317
0.009634724870057761	-0.10223363688480636	0.01388807534035592	0.2913523890357239	-0.13125375898080546	0.29933042502711166
0.06095060939935579	0.09342672289013286	0.06675804103359813	-0.07520124424197439	-0.009141033036652662	-0.07227627174652738
0.05945801172821749	0.09116065168708457	0.06506875018692132	-0.0734587757499219	-0.011689859755150554	-0.0700321064516585
0.06463487075754532	0.08864150553505115	0.06959783290003366	-0.06692082110306621	-0.01860358679810388	-0.062399815250040014
0.06463487075754532	0.08864150553505115	0.06959783290003366	-0.06692082110306621	-0.01860358679810388	-0.062399815250040014
0.07122452002721559	0.09527237853477091	0.07504493175241603	-0.06938608644205922	-0.018476647129984678	-0.06427407041794168
0.06954222831617571	0.09391668660437444	0.07384172862463531	-0.06680110311772335	-0.020394280596978044	-0.06171663168100758
0.06954222831617571	0.09391668660437444	0.07384172862463531	-0.06680110311772335	-0.020394280596978044	-0.06171663168100758
0.07952212588609185	0.07805139340710501	0.08427098051572857	-0.061799483879477195	-0.01755148681620581	-0.05702383105551245
0.08431815709108259	0.07749353736431494	0.0889792185716283	-0.06276872000959602	-0.01984747015656998	-0.05765427760550304
0.08450483003840786	0.07457966591434942	0.08897635594363393	-0.06275596397627438	-0.013706954490255241	-0.05765150899192755
0.08599306307603705	0.08053511064217028	0.09061930043892635	-0.06520615133053709	-0.023785667384172766	-0.06058787300527482
0.08199009292342166	0.08362777443245004	0.08622999733094806	-0.057375423588121977	-0.030294958217304317	-0.05326583486426968
0.08199009292342166	0.08362777443245004	0.08622999733094806	-0.057375423588121977	-0.030294958217304317	-0.05326583486426968
0.07225827328927395	0.08946537860295636	0.07611812563848797	-0.05718011858167616	-0.032910237328035656	-0.053385241767167135
0.0760839504458207	0.09931402614080828	0.07871908703209884	-0.06770491226588164	-0.022933253052055153	-0.06239336608507297
0.0760839504458207	0.09931402614080828	0.07871908703209884	-0.06770491226588164	-0.022933253052055153	-0.06239336608507297
0.07946527496936463	0.10326874845220033	0.08175556332681416	-0.06524500923865291	-0.033608085706411585	-0.06054221636682794
0.08553345064501372	0.09400909524768654	0.08845237748681145	-0.05883429344903146	-0.03704025693348669	-0.053591004414185406
0.08323916307427454	0.09044023963495038	0.0855855566049413	-0.058011869900642304	-0.039383362847871146	-0.05401899982860531
0.0823939785718723	0.09236984547677085	0.08510990044996641	-0.061052736066712035	-0.03939492329578546	-0.057647975313055544
0.08696526453094075	0.09326951410565035	0.0896045166894195	-0.06523240059512056	-0.04016603720098056	-0.06237804114905035
0.10504886162942008	0.08848372995145132	0.10867357253600746	-0.038571315151770744	-0.0724704317030139	-0.03424385818053172
0.10651245815743941	0.09363067279983521	0.11024205297577276	-0.038395591900979104	-0.07697831823112544	-0.033715923674769444
0.11077860873888856	0.08283238742034749	0.11439955343772396	-0.02771184811473975	-0.07718514426431951	-0.024290852418317074
0.10561427028296802	0.0742890106133269	0.11077949447069155	-0.008503832207793579	-0.09166085930973104	-0.005502819820206313
0.09901090243369784	0.08294162372230385	0.10466171960807091	-0.007753154029955435	-0.09810029193343367	-0.004837923704324161
0.09178309223464048	0.08572155779693044	0.09662315759726484	-0.003215917435589274	-0.10352671033145676	-0.0004932698209981331
0.09647714445397151	0.07692068675610594	0.1013609961882762	0.0038751996267476947	-0.10620338237513009	0.007840029627919366
0.09461426724210295	0.08045249742587021	0.09891884752636954	-0.001198886760998033	-0.10056902800203536	0.0030478167919562264
0.07809771878974023	0.08444670747643168	0.08241881810708854	-0.00567623646837096	-0.08517716186220087	-0.00044619927239141106
0.07629124214169354	0.08205647649572723	0.08076511762547364	-0.0030316042074022163	-0.08457180363611963	0.0025354703506723425
0.05869229878361411	0.09304570354489233	0.06205764647412943	-0.008230033964864457	-0.07154932254482653	-0.0010660700825233082
0.0603422697135995	0.09510547134829782	0.0635408997127824	-0.009720522980222381	-0.07080159191911607	-0.00381752441777792
0.045123480435638526	0.10718274418249546	0.04882482123895172	-0.01243462412006215	-0.07524577838461229	-0.006607027785473456
0.05026686341531018	0.09878211713712577	0.054067635662964526	-0.00555027469251969	-0.08660100073350818	0.000623524824412375
0.027627272209842266	0.09025027788613729	0.03191295098282353	0.005934231478958631	-0.07677017086833998	0.012302415473840405
0.015763789400437128	0.0948205813545028	0.019811494234269388	0.006276450133156937	-0.07569226670974677	0.013004407256353259
0.0025891681799980497	0.1036177583071351	0.006320077259341739	0.01597114592169368	-0.09145121704318138	0.022022079399581403
0.006881048855044534	0.09714372579847427	0.010368514540378019	0.02187196991540828	-0.09195783538703037	0.028304170498923056
0.0026331544328821507	0.10112857125101207	0.005356832149457067	0.023346863453908368	-0.09259009593168613	0.030207795292834967
-0.0022303523989464884	0.1033317096164781	-0.0006548655238067507	0.024936234996682644	-0.0931073348741253	0.03239555529557386
-0.003435068750410774	0.10444366439559004	-0.0016426013392231236	0.01946283698461377	-0.09881783050316781	0.025685444046140923
-0.006208245841557006	0.10448273448530648	-0.004177978376587421	0.01758868684870825	-0.09688164819761313	0.024207021550240425
-0.004718346053187317	0.09640336241416389	-0.0019511891332608647	0.029405362564164685	-0.0997615128130028	0.034586288351334524
-0.02069242493620047	0.09968074201285528	-0.01683767773297759	0.038682979216882726	-0.10464342239695432	0.0423801974319495
-0.020978608434878088	0.10323432662914384	-0.017507939325702885	0.036940960518314525	-0.10967760979476618	0.04057210683345455
-0.02413699800885427	0.11474224361823099	-0.019647014969863895	0.03204893602521573	-0.11047743943260002	0.03357889685741401
-0.038304122099745284	0.12989491704723966	-0.03394503533199163	0.01294429857179737	-0.09781217532315659	0.014267277892185914
-0.04949340050688049	0.1264940320808446	-0.04442925879402804	0.006332400631630743	-0.0922466130633308	0.0082643120189623
-0.048870293475398105	0.13080294249181257	-0.04294436987183301	0.008035745277185376	-0.08943661839267333	0.0067681874560048365
-0.042976957546718667	0.13131952639645925	-0.03639015497040276	0.013854936696871514	-0.1003796622023231	0.011501860200604522
-0.049974758477864194	0.1290954928787036	-0.04359875874703811	0.026131058528241026	-0.11381150628452527	0.024574393741611855
-0.03915631043700502	0.12419172573889364	-0.03276051737162239	0.020550274002647764	-0.11741631579486106	0.018383985383854794
-0.040793165131263846	0.1312320114229493	-0.034600006315476016	0.021582492465609972	-0.12552568989387225	0.018628105221823017
-0.02346717798664661	0.11032557491080769	-0.019133284034141412	0.04128934117887633	-0.13627341077878322	0.0383063177163902
-0.03059625239948871	0.11252559320494107	-0.02562429718845482	0.035598415861657004	-0.12454547570589512	0.03173872486350636
-0.016695505871190633	0.12345791700873851	-0.0124901477247099	0.04964297295916059	-0.14053467428188596	0.04581958776509941
-0.016695505871190633	0.12345791700873851	-0.0124901477247099	0.04964297295916059	-0.14053467428188596	0.04581958776509941
-0.015225390883081025	0.12836056362489623	-0.012591621825748398	0.04662993815907094	-0.15007576513960807	0.04189746656172109
-0.006813095541757677	0.12417651732734003	-0.004754041616943319	0.04601765078107932	-0.14638903301895206	0.04148337403729708
-0.007488051908742005	0.13164576262415079	-0.0053095446408614145	0.045516425928888216	-0.14312670505883232	0.04104677463586359
-0.0024786139879341496	0.1066465493631486	0.0002150383944173372	0.0584148302522176	-0.14204876830255425	0.05443337437574839
0.005598847059040462	0.09453272211968673	0.008118652279270484	0.060464255452475954	-0.14083667190914512	0.05648356972292581
-0.008270442659154598	0.09856723597834216	-0.005312800167617945	0.0705508263363365	-0.14169113138111933	0.06684970555450384
-0.016997025717531658	0.09746487580110086	-0.013597660434427002	0.07215360165720683	-0.13509011747657648	0.06748668403053132
-0.018925283646706138	0.09802453213199411	-0.015701911922000152	0.0760514142388555	-0.13917609392928781	0.07100726933338394
-0.01377158446548252	0.08760705016049505	-0.011195215292618486	0.07778600104773278	-0.13000636420406128	0.0745014608830763
-0.014879412334391674	0.07749784721906391	-0.011171307224796647	0.08046349166163491	-0.12732752074261136	0.07591813832817446
-0.02483523581841569	0.06829468899169668	-0.02178871813016233	0.10782278501764946	-0.14466080333424777	0.10465771795641159
-0.03664630705618326	0.052047208995888224	-0.03298801135581495	0.1358427500536022	-0.16335639837280014	0.13096159605384813
-0.051677953969591295	0.050134598712105766	-0.04868431364644753	0.13153713030025319	-0.1521329876734508	0.12582744266398382
-0.051677953969591295	0.050134598712105766	-0.04868431364644753	0.13153713030025319	-0.1521329876734508	0.12582744266398382
-0.037824921984900714	0.04557237443155779	-0.034810547387781665	0.13008437127822936	-0.15017125761677713	0.122616059702773
-0.046043677988354605	0.04394617611195081	-0.04376481180058225	0.13453572854512827	-0.1572692380481409	0.12644010794961683
-0.039797512681388	0.03908805942029578	-0.038125202759125405	0.1408655636363822	-0.16197883844400784	0.13466445505379007
-0.04866617906996445	0.04868035646661282	-0.047375174631761656	0.13227448528623426	-0.15253452273431925	0.12628156073265884
-0.056169277037097017	0.050469659054295665	-0.05540608345820131	0.13562209544465617	-0.15082258846202634	0.13069537512686236
-0.056169277037097017	0.050469659054295665	-0.05540608345820131	0.13562209544465617	-0.15082258846202634	0.13069537512686236
-0.059724669412948087	0.05620832922049672	-0.05820691575920308	0.13195370859341266	-0.15005252043271688	0.12666185067858554
-0.06034426819568136	0.052484574029401404	-0.058616942356096165	0.12861459610695533	-0.142576595904836	0.12301587376670034
-0.062046172984655375	0.04375334306793921	-0.06011971362440219	0.14230752654978698	-0.14742023129472662	0.13642345168586978
-0.05114986625419133	0.037063840287517635	-0.04882345021913509	0.15169805995614666	-0.15573826142999886	0.14562762908618232
-0.04835170184552803	0.03274346126093341	-0.046193000386476064	0.15274981233751256	-0.15271879288451862	0.1471937939432465
-0.05615753555563291	0.03640261321312134	-0.05418616330467369	0.14843284150768804	-0.12735468217896267	0.14337735782216954
-0.06632474617395011	0.044390812797372364	-0.06452121397110733	0.1465945675430796	-0.12953748724952707	0.14175232353657352
-0.05880008002277338	0.03434571286289026	-0.058320785162712246	0.1725731806704746	-0.14717491087817708	0.17086414034541986
-0.05880008002277338	0.03434571286289026	-0.058320785162712246	0.1725731806704746	-0.14717491087817708	0.17086414034541986
-0.06893121983114633	0.03583176407800774	-0.06961486561920745	0.1709817110999325	-0.1392060052845451	0.16965610670703132
-0.06893121983114633	0.03583176407800774	-0.06961486561920745	0.1709817110999325	-0.1392060052845451	0.16965610670703132
-0.0818914123878757	0.01611166822204222	-0.08028131534174317	0.18613832662267812	-0.14733064580516825	0.18317780371398407
-0.09174805053971288	0.014745296449888744	-0.09046130074050751	0.1857034551208515	-0.13334143918454283	0.18176333562382946
-0.09199833311287989	0.010921896641791452	-0.09041312422882758	0.1896227357987663	-0.13862361809193985	0.18599536915063325
-0.09217285515840759	0.010247194863979684	-0.09017276420541798	0.18988649275672195	-0.1380772238985424	0.18641291198411564
-0.10876656353258352	0.012688408026400715	-0.10677260698326177	0.1942090658338091	-0.13240197078383037	0.1914423720397717
-0.1061131802950005	0.011087091666457173	-0.10391671137075983	0.19326223956152389	-0.13150107338333222	0.19019857109053911
-0.10962206093708568	0.0037803076878746324	-0.10590542790952354	0.20322352983800504	-0.145269110115726	0.19794996083147365
-0.12077532544869081	0.01591438639016975	-0.11811544006584276	0.20733310991074055	-0.14978623263956065	0.20265369360620838
-0.12205976526538533	0.017933877528183356	-0.11968548812664975	0.20738218752091278	-0.1462240172214192	0.20286300240575406
-0.136293943924975	0.014100071620348598	-0.13259690763606669	0.21713860944427635	-0.14326863544973267	0.2123495337964985
-0.14119101968657607	-0.0007480042519046708	-0.1376864240149647	0.23067761536493403	-0.146281781457628	0.22592789501146882
-0.14670992670573246	-0.005275788248343127	-0.14333636391660654	0.23245015023785046	-0.13942412072311347	0.22856038853953742
-0.14596475015474922	-0.005690697168444821	-0.14264063256836162	0.24068400126281786	-0.1552954886874819	0.2364246965871564
-0.14155255015526366	-0.01075282419323253	-0.138595469879176	0.2546651323313668	-0.17243767860275577	0.2495596873244073
-0.14533285396367224	-0.003061227349516169	-0.14332726846936228	0.24990373831745305	-0.16953689465948413	0.24526144814633355
-0.1431400298497389	-0.00726068200163487	-0.14144536423534396	0.251575744434144	-0.1697250564069858	0.24703496789103813
-0.14519534711890347	-0.0046476681739811825	-0.14322798254348912	0.23821094664282824	-0.13956601824154904	0.23537552953135155
-0.13088049595353402	-0.029250109119252958	-0.12675338319393964	0.2422110948317262	-0.14210140843917402	0.23936814888707608
-0.13088049595353402	-0.029250109119252958	-0.12675338319393964	0.2422110948317262	-0.14210140843917402	0.23936814888707608
-0.11989417913146225	-0.0391935256836734	-0.1161052677544216	0.22658624998584403	-0.11950405275472503	0.22418381760469347
-0.12237016023881267	-0.0356330225685116	-0.11828794070910695	0.2265519311338094	-0.11579695068561738	0.22382076865999584
-0.12418662431095773	-0.05466226897449744	-0.12015947294353178	0.24761104829957076	-0.1340959928148982	0.24481420346650415
-0.12676878723559298	-0.05877343767269337	-0.1226097787286538	0.252193801708629	-0.13559837336495104	0.24915830213618395
-0.12164377811992327	-0.04081659750157241	-0.11664353336691399	0.22194924445470532	-0.09841213260307634	0.21935926524032623
-0.12417964365826797	-0.04344789014867928	-0.11960146413258674	0.22018561252108973	-0.08910886761079531	0.21721142763154208
-0.11307107665183348	-0.05628868782857265	-0.10899088077523153	0.2229832299515867	-0.08340083620914188	0.22145410057322784
-0.12351598019488133	-0.04176399935404197	-0.12012149579920253	0.2185546474951888	-0.08059179165866745	0.21807797288924624
-0.12870624718934873	-0.04879899036926161	-0.12545612701926856	0.22229150507716075	-0.0764883680832351	0.22337863392896629
-0.13091164876946884	-0.044543856443652774	-0.12779159077617344	0.21637211975604356	-0.07902618373701803	0.2168830517477175
-0.14102717956873714	-0.03775042691936924	-0.13820118570641748	0.21950052708055667	-0.08225083710764856	0.21848889235760963
-0.1343268953184261	-0.04086814124071365	-0.13309971080635868	0.21479280274364065	-0.08086617759164666	0.21397957845919802
-0.13806677496023168	-0.036143229239833354	-0.1366542678880981	0.20851003668983076	-0.07849792820470297	0.20816315426871063
-0.13664533408482205	-0.037012529351507485	-0.13501635547574792	0.20873927673646026	-0.0769541854267877	0.20960897310057547
-0.13770264966549708	-0.05066274906054104	-0.13426513273889384	0.24115208660288745	-0.10177446939243776	0.23922994560505562
-0.13770264966549708	-0.05066274906054104	-0.13426513273889384	0.24115208660288745	-0.10177446939243776	0.23922994560505562
-0.1356496682170571	-0.05301217392424394	-0.13241819153988943	0.23673982093575474	-0.09845010803326636	0.23437385049069193
-0.13313569223755156	-0.053236123245442586	-0.1297153880880848	0.23548121132273797	-0.09245877253723338	0.23413171892479562
-0.13669744494507066	-0.05507622583528722	-0.1330849526559153	0.23239854182035102	-0.09287481306240737	0.2311402266498671
-0.12356074690927663	-0.06606232497148631	-0.1202893875551335	0.23189133607959275	-0.08983776172696534	0.22959472004671735
-0.124580719534821	-0.0601866991846262	-0.12121876373752545	0.22459950978341622	-0.08543258191733519	0.22234508221558869
-0.12185474254112923	-0.06044478865934866	-0.11899501041231086	0.2249077031673947	-0.08384267584380496	0.2230034168591339
-0.11154581637785968	-0.059202765001345595	-0.10730104749322977	0.217995385600122	-0.07801290804730013	0.21564316709985804
-0.10883946301168276	-0.0573293983063838	-0.10444309430959664	0.21232696369678805	-0.07786454549011808	0.20981970420546275
-0.1122953723476763	-0.06126590660231676	-0.1084233498279541	0.21183905607122144	-0.06832672948138044	0.20893213700320168
-0.11610415309034552	-0.06918872152374518	-0.11146308465575805	0.21551411519585206	-0.057411682789004645	0.2112451826008847
-0.11880663993779317	-0.07036895641763569	-0.11464317334070886	0.2111028138678488	-0.05293549549051808	0.20639106062034732
-0.1208908205150197	-0.06662368546885077	-0.1168065141978836	0.20969471483585075	-0.056929748707656366	0.2060273965119378
-0.141709649135638	-0.057214545308392706	-0.13827595233470102	0.20039604561006324	-0.05709050476876368	0.19853584097355947
-0.09442618843095486	0.05922287669299414	-0.09069165710079238	0.09711800201966975	-0.09137431438558845	0.09193260523030468
-0.08598868534785208	0.04745855985328295	-0.08172102021906269	0.10514835888074557	-0.09955496680103751	0.09867720890355286
-0.08083284005937065	0.04644743422818579	-0.0782818950608454	0.11220345479773947	-0.10582523991498644	0.10715506667597742
-0.07228676061806895	0.03998043725812241	-0.07021882262387158	0.11243555934328751	-0.11121064680530258	0.10903635501523147
-0.0614284607589653	0.04139501239553954	-0.059507509691444166	0.11049476546700007	-0.11072601055851047	0.10671627474262996
-0.04637624389360269	0.04978846510563802	-0.04597306057795977	0.11619193581838318	-0.12960592003967686	0.11406975004318326
-0.07173563289484158	0.056839989328435245	-0.06982625676524218	0.11873085671617029	-0.13368448197538318	0.11543938116288567
-0.07004238113534415	0.05584344696043199	-0.06811263831126999	0.1284434964863972	-0.13809500975441	0.12566477015172356
-0.060393359373976344	0.053262900778469985	-0.05917790128303614	0.13217162784790407	-0.14023087198265521	0.1302280611443239
-0.08102307803221831	0.04649333256534189	-0.07896909553716495	0.14181387303819687	-0.13166336193309935	0.13763714224163215
-0.07959332737201753	0.04027300861884968	-0.07665257942467901	0.1471700358187368	-0.14010510890756284	0.1417106193077938
-0.07404855453278525	0.04740925709275484	-0.07058817995585526	0.1445470374081217	-0.1418770467308192	0.13853806767956964
-0.052371059158089886	0.03738295816083814	-0.04933763006429544	0.1448210651573948	-0.1381331743013835	0.13797711407452018
-0.052371059158089886	0.03738295816083814	-0.04933763006429544	0.1448210651573948	-0.1381331743013835	0.13797711407452018
-0.052371059158089886	0.03738295816083814	-0.04933763006429544	0.1448210651573948	-0.1381331743013835	0.13797711407452018
-0.05597294362392107	0.03617157457070312	-0.05233995153314952	0.14503163680092881	-0.1393842682689267	0.1388077238223391
-0.06683043393740679	0.039661375754616625	-0.06269207454398237	0.13800511281063826	-0.13861837864939786	0.13136188599324392
-0.0619726817096867	0.03256087377841409	-0.058458242485291585	0.13962539087460574	-0.12008456089561223	0.13172402002624434
-0.06323623332460632	0.04439385777468084	-0.06106393088541266	0.14246002050390755	-0.1302481093905863	0.13577155847346273
-0.06861257481998118	0.04768439059778827	-0.06603050919798419	0.14177900453088488	-0.12958658874107765	0.13569172856542216
-0.0620978878151763	0.04242275490159911	-0.059054093851205317	0.14198167244054535	-0.1293136179088426	0.13560430672000015
-0.05808654236148242	0.036568229048953516	-0.056006350555869486	0.13936303642627024	-0.1310842541235199	0.1337959782888945
-0.0570258151536121	0.026032163754346225	-0.05528995463224293	0.15142146125196565	-0.13736717362189063	0.14678908591698112
-0.053294997976299496	0.03279419836576133	-0.05196731194595582	0.1492084692766024	-0.13703903162828818	0.1454346344393428
-0.05638039293115921	0.033236522101596985	-0.055131427657765485	0.15299495315201786	-0.14036541673314035	0.14918800308836155
-0.04986278164152404	0.02024256947252587	-0.04860075295363762	0.16056162428646237	-0.143041907572134	0.15611028807643085
-0.05689977863534813	0.023135234261822027	-0.055277227179781244	0.15571360000605336	-0.13462774291607937	0.15115970739418516
-0.05785755260267238	0.021064456952458337	-0.05557592770370845	0.14825445403695878	-0.126887077576317	0.14409023792891035
-0.059336852289555334	0.01760732661671611	-0.058323277112621516	0.1558637880659931	-0.13127619760874412	0.15307458849608938
-0.07274599113192973	0.009857575341601248	-0.0707733280881783	0.16256128549374926	-0.12599264217008824	0.16060180538890556
-0.06843839816201742	0.007901570741756887	-0.06586575843906461	0.15169719508609414	-0.1177698685690718	0.14963256197422964
-0.0720045044910866	0.0021616460435327266	-0.07074566229058954	0.1631167088811238	-0.11885370809856134	0.16266226974859568
-0.07809372513243819	0.006546288930445574	-0.07680461219017959	0.15868417028207132	-0.11071546211118818	0.158623160652878
-0.08767212510499908	0.014298556152129372	-0.08600778887939883	0.17636115024819393	-0.12367610664692344	0.17570147912954484
-0.09719408408098744	0.025729870195220272	-0.0958302639686696	0.1670286798130593	-0.12102083031369584	0.16661456211679765
-0.10328532763353589	0.036710057691570305	-0.09956436226584577	0.160841899626632	-0.1147634829102054	0.15935742410570192
-0.08585502077639864	0.01665899327969691	-0.08333081709926275	0.17546745582097148	-0.12657757503661102	0.17523202224368217
-0.08946792707293384	0.01465571631214517	-0.08671734900241783	0.18214059900141794	-0.13698389971762465	0.18221904812220557
-0.08946792707293384	0.01465571631214517	-0.08671734900241783	0.18214059900141794	-0.13698389971762465	0.18221904812220557
-0.08907918585396238	0.019416866013063003	-0.08409774042941028	0.18655169474183056	-0.1385807274194219	0.18506888738402333
-0.08192935977322818	0.0027119787742931117	-0.07745246384318616	0.1941971724462436	-0.14135736257623555	0.1924929022619013
-0.10081516615460626	0.015365137767843986	-0.09628164709365772	0.1849271822873942	-0.13088890958014843	0.18714362825416053
-0.10197013821062934	0.0010721530922806772	-0.09745051741965274	0.1801794601455234	-0.1300455364816427	0.18412195400712755
-0.10769471312087427	-0.001755936948182552	-0.10357221890695743	0.18202607202943533	-0.13143249469998197	0.18663604428381686
-0.1009630891952392	-0.018772599274027104	-0.09826304685947718	0.19236369239684892	-0.1355671995684182	0.19747156393915233
-0.1009630891952392	-0.018772599274027104	-0.09826304685947718	0.19236369239684892	-0.1355671995684182	0.19747156393915233
-0.09568484277673758	-0.034372926107698015	-0.09274182595155342	0.1891057872958518	-0.12032881201485113	0.19297389474664378
-0.08772778385712486	-0.048159867660584124	-0.08444589119258619	0.193135603203549	-0.12134448421042962	0.1948091145019299
-0.08772778385712486	-0.048159867660584124	-0.08444589119258619	0.193135603203549	-0.12134448421042962	0.1948091145019299
-0.1041223732503535	-0.07297985027646853	-0.10018588319442953	0.1974474771493723	-0.11177190540038262	0.1983343035648688
-0.1041223732503535	-0.07297985027646853	-0.10018588319442953	0.1974474771493723	-0.11177190540038262	0.1983343035648688
-0.08983941947596889	-0.0908482931510502	-0.08690600761750618	0.20082024525043102	-0.11267901722914467	0.20312492381953762
-0.08983941947596889	-0.0908482931510502	-0.08690600761750618	0.20082024525043102	-0.11267901722914467	0.20312492381953762
-0.08809073690060358	-0.10242576928948863	-0.08527229104331448	0.2054254536520223	-0.11041743644158832	0.20842144272611446
-0.09346274850489615	-0.1122558505292588	-0.08983229630388696	0.20929677684346995	-0.10566662396884605	0.21308946440448015
-0.07857276046085354	-0.1211412051535457	-0.0752730235521632	0.2137579439809809	-0.11914593280134789	0.21834152068224608
-0.08829435772225613	-0.13457471205121768	-0.08467054847257102	0.22128094186699332	-0.11912471906032261	0.22547527561192449
-0.0952034113976201	-0.13693993126417492	-0.0933252323739326	0.2356861069701947	-0.13174827090195457	0.24364491598007437
-0.08698657290747314	-0.13926626479375045	-0.08516800469278048	0.22615147608587885	-0.12396493869428968	0.23513997390073
-0.08698657290747314	-0.13926626479375045	-0.08516800469278048	0.22615147608587885	-0.12396493869428968	0.23513997390073
-0.07809128770324147	-0.14733544966933415	-0.07404609206150777	0.2510835886699361	-0.15373873225177714	0.2591417105179825
-0.07744718371089712	-0.15682353530033968	-0.07567571491903843	0.2611505547758555	-0.1540252653575937	0.27020755204075936
-0.1067308863424145	-0.16059620920161477	-0.10307706719955549	0.26753153451731554	-0.13921328511521047	0.27614248994447876
-0.10086851633415461	-0.15315698555362822	-0.09758511431405875	0.2631371225879858	-0.13665209273434703	0.270619532333338
-0.10086851633415461	-0.15315698555362822	-0.09758511431405875	0.2631371225879858	-0.13665209273434703	0.270619532333338
-0.1092919877657248	-0.149732094020251	-0.10343215137756784	0.2730904059550858	-0.14306328749330238	0.27830612468296834
-0.12049391067290197	-0.1436119451736412	-0.11627352528971166	0.27324748430720497	-0.15065331380826558	0.27883586585323683
-0.12049391067290197	-0.1436119451736412	-0.11627352528971166	0.27324748430720497	-0.15065331380826558	0.27883586585323683
-0.1289271527068599	-0.15003250131463972	-0.12545572282156775	0.2821442332525457	-0.14489465159635972	0.28748597503795803
-0.1296046807786464	-0.14885508720834822	-0.1258790798910897	0.28888922717344717	-0.14839184706194902	0.2939303125571353
-0.14119082021047388	-0.14703265433697932	-0.13907437361732072	0.2914856726862084	-0.15258172174766133	0.2977454717492393
-0.13835972641359395	-0.13861513110700197	-0.1383872919902669	0.28919293464401796	-0.15355131408169165	0.2956942772801864
-0.14194436106826974	-0.13514066514926798	-0.13948568572163786	0.29524790777977683	-0.1559592202653905	0.300183349657263
-0.14194436106826974	-0.13514066514926798	-0.13948568572163786	0.29524790777977683	-0.1559592202653905	0.300183349657263
-0.15827680939092958	-0.1233392525421794	-0.1549935462390294	0.2851093223176359	-0.14429540077584999	0.2889661338349009
-0.1640665945925412	-0.13094666518591794	-0.1611944028649398	0.27114027688340553	-0.11481891107645548	0.27765732204594124
-0.16505763091198217	-0.13285096642965913	-0.16250997392433894	0.2732475996510313	-0.11579978243483727	0.2795101584172336
-0.16805469992376862	-0.14095621210766432	-0.16576099856135007	0.27508642126704075	-0.11088486330655897	0.2812216872352279
-0.18226858667820053	-0.15341912713424044	-0.18008016052893572	0.26979462538048715	-0.06192768326831728	0.2759791361581082
-0.17179480112334466	-0.14962455836645205	-0.16883258370626486	0.25761602896256286	-0.07037550737492493	0.26364315961076307
-0.17650676058089249	-0.14611338214555103	-0.17304531458399228	0.2573145744714517	-0.06901050073098552	0.2629383430362602
-0.16808925605622121	-0.16951342717249848	-0.16370302749617022	0.2860202567563952	-0.07808879919297942	0.29130852185089184
-0.16808925605622121	-0.16951342717249848	-0.16370302749617022	0.2860202567563952	-0.07808879919297942	0.29130852185089184
-0.16394201318290894	-0.16832696489733168	-0.15879232395344212	0.28292507236089326	-0.0768575576150088	0.287088478679431
-0.16632515046393137	-0.16746072464081918	-0.1610659138676806	0.2801209746332426	-0.07410167740596965	0.2840631053808252
-0.16985472080778727	-0.17054475126622293	-0.16462068249042724	0.290489225415568	-0.08382555228372628	0.29398288851271615
-0.1809175764149492	-0.1584134926320933	-0.17482034524421425	0.27749143733267706	-0.07537505698042482	0.2809108031852473
-0.17802505062924434	-0.16353819814867593	-0.17159368845557135	0.28090100344794666	-0.07869887469511078	0.2843001222836645
-0.18110157314992986	-0.1574032548296351	-0.17463187237840366	0.2758867056413565	-0.06436665805853295	0.27762565881951684
-0.18110157314992986	-0.1574032548296351	-0.17463187237840366	0.2758867056413565	-0.06436665805853295	0.27762565881951684
-0.19506419155683952	-0.1564363240561897	-0.18904602710060459	0.25877401150158413	-0.023560893186364198	0.2593317641454709
-0.21533873121390376	-0.1715227075308993	-0.20877431472260738	0.2566264458084973	-0.012583391022275662	0.2565663534969682
-0.21288490833496765	-0.175069351865895	-0.2066105404524472	0.251219335528524	-0.009646592840150223	0.25174679298266334
-0.206448555135002	-0.20106696030976373	-0.2004133119412601	0.25401721803269056	0.01042149184878072	0.25454758433783414
-0.2294801572167971	-0.18464559525772387	-0.22169230212500537	0.24886515080472693	0.004451466178681123	0.2487675647980727
-0.22879227276726188	-0.1840613392567913	-0.22104353338032076	0.24738461110421295	-0.0002478105378476772	0.24806400305384102
-0.22879227276726188	-0.1840613392567913	-0.22104353338032076	0.24738461110421295	-0.0002478105378476772	0.24806400305384102
-0.2252275218316706	-0.19726138966865164	-0.21782312871156484	0.23440401467658578	0.015015361351714168	0.23725657768430605
-0.22091368390079075	-0.2190352504198294	-0.21451544729445746	0.2476380128535922	0.014487101466738294	0.2502426895612715
-0.2142180878348574	-0.21570246687636918	-0.20772475633152468	0.2511231472895427	0.007621724737356787	0.25356951096729186
-0.2151460176514184	-0.21151769595368736	-0.20856232526463517	0.24925322185063487	0.005475514444568962	0.25161367550394736
-0.20304677695682247	-0.20561309501242025	-0.19667023063544065	0.24838231732629606	-0.006294938006566848	0.2509977715033876
-0.21159708363176277	-0.20404534233911675	-0.20545004118399943	0.24856757040896293	-0.00403331637889379	0.24997673736716725
-0.21159708363176277	-0.20404534233911675	-0.20545004118399943	0.24856757040896293	-0.00403331637889379	0.24997673736716725
-0.2054442430904804	-0.2065048253385235	-0.19904166747649923	0.24611994826158778	-0.0031087300782962624	0.24844485908376063
-0.2129837628776653	-0.18467518042603415	-0.2069373933275146	0.23009315986595347	0.006124534897729506	0.23252642538203966
-0.2147203155895924	-0.16892674943190306	-0.20872779406885927	0.21835740045449345	0.009703399528206511	0.22100557821845185
-0.2147203155895924	-0.16892674943190306	-0.20872779406885927	0.21835740045449345	0.009703399528206511	0.22100557821845185
-0.20692767061661804	-0.13838588378925326	-0.20110289873131526	0.19248461779285997	0.01080540980658613	0.19542270971818088
-0.19227321429438454	-0.13780862318145742	-0.1862214384512845	0.19657380314446016	0.007653104058234009	0.19931261008760193
-0.18788964920711687	-0.13131231341739885	-0.18154615579258004	0.19372489903769685	-0.004418298490277622	0.19625460500051872
-0.17320991790040494	-0.12842497757566074	-0.1679444969729525	0.18883338438087507	-0.0034995952111977723	0.19142943975235904
-0.17279588264818277	-0.13759998220908143	-0.1671776860279235	0.1958201676298093	-0.0061785457122202105	0.1977792836166392
-0.12982784481139273	-0.13578913066918258	-0.11751812948446605	0.17183655239992157	-0.03940597406558044	0.16430173542883403
-0.1150844083577301	-0.13889413975406975	-0.10141644424304636	0.18328142881036708	-0.05511548110986673	0.1739842656911053
-0.10677784148446845	-0.14954063425994613	-0.09208812950220949	0.1889187550308452	-0.06278269245392155	0.17933355988529964
-0.10649288440171437	-0.13815336202126283	-0.09363458307873629	0.1884042758714531	-0.08394381845650693	0.18123530011524672
-0.11062698920660777	-0.12969656300108878	-0.09722318426671685	0.18069902668018878	-0.08440117690336475	0.17228821593285826
-0.10866090649322463	-0.12836630438595328	-0.0953948243567348	0.17861413533226012	-0.08631603507346622	0.17026348976965114
-0.12500164511319448	-0.12343627910694704	-0.11346437040374094	0.18066179897759188	-0.06528685508740875	0.1721628401326193
-0.12031047121267927	-0.12876874906457228	-0.10877829768384348	0.183686423595365	-0.06902920211138225	0.17552850343350096
-0.11511327570716705	-0.1334120819552777	-0.10269239977234948	0.20049601416914353	-0.09475860241845527	0.19223732722117143
-0.12892731556903858	-0.12591333043276853	-0.11587234410919837	0.19465661645961635	-0.09489373554289332	0.1860267502779362
-0.12920028936195765	-0.12761164297547103	-0.11603070366312161	0.1983398478218228	-0.09963127306571044	0.1899004076026235
-0.12145421749270754	-0.1344373687660308	-0.10926603919966629	0.207540835321463	-0.10797727211693744	0.19811964193304266
-0.12054649683968677	-0.13612229629156566	-0.10834410755835182	0.2176980026352172	-0.1120288550728692	0.2093627052384994
-0.12470540617829459	-0.13781002082319485	-0.11214814833634137	0.21119964248296383	-0.10091536455558225	0.20102103776381952
-0.14230052003570537	-0.11449192804017375	-0.13030940495486054	0.2023861096522912	-0.0958488384264251	0.1927380043114434
-0.1293043864998641	-0.12732036779242112	-0.11631838077449452	0.20669562424100704	-0.0977840453406875	0.19762676194395973
-0.1303462548430475	-0.12907927781129497	-0.11662038828478717	0.2077416049690286	-0.09906483583142915	0.19914198821422097
-0.13269971130276736	-0.12321109178441753	-0.1193554723447007	0.2028514623183041	-0.09644139401007823	0.19452725124921
-0.13210453744352188	-0.13006925515693657	-0.11815938774894702	0.1982433051425147	-0.09177723266733401	0.1905628394586742
-0.11286268551765066	-0.14576370877418138	-0.09792427063030862	0.22071102475471246	-0.10632763517516422	0.21198358731155353
-0.11343985421348253	-0.13350452409471344	-0.09923630999897823	0.22090907402586324	-0.10794281922595497	0.2147442313511744
-0.11670185177359686	-0.13276670236727306	-0.10249955787755302	0.22083795778943283	-0.10579375450375769	0.21382158010344787
-0.11809570152848761	-0.12508189222036928	-0.10377182327855275	0.2163145856829086	-0.10528190991116161	0.20967615941332812
-0.1064624172356453	-0.1221907064159743	-0.09192192332809804	0.20914912942998018	-0.09624948783099435	0.20105427697783776
-0.10124519968617743	-0.1204453959398688	-0.08558840053119371	0.19884309486666238	-0.0976148906355748	0.18886095027974148
-0.10124519968617743	-0.1204453959398688	-0.08558840053119371	0.19884309486666238	-0.0976148906355748	0.18886095027974148
-0.10602145838234009	-0.12126093008832353	-0.08976729038975176	0.20270773077024148	-0.09770543902185867	0.19201176494542593
-0.11321563461598802	-0.11951520497052623	-0.09841906747731825	0.18166979011487197	-0.07809140744080903	0.1716937964758617
-0.12236650347536523	-0.12010765087076963	-0.10736918902981671	0.18089504348063293	-0.06729002689015257	0.17032149775066782
-0.12236650347536523	-0.12010765087076963	-0.10736918902981671	0.18089504348063293	-0.06729002689015257	0.17032149775066782
-0.12041374769040472	-0.0995917445225171	-0.10348584746584266	0.16596027787468945	-0.06529662662842652	0.1539190752035482
-0.12041374769040472	-0.0995917445225171	-0.10348584746584266	0.16596027787468945	-0.06529662662842652	0.1539190752035482
-0.11589214938840946	-0.10459149454971055	-0.09929505992072879	0.1702694248813196	-0.073672862405957	0.15861531125314116
-0.10676377418641028	-0.12254190000460466	-0.09150928590585833	0.18945756999253796	-0.08610010264550831	0.1797056442407449
-0.11180428365861769	-0.13227881264430894	-0.09708493247508983	0.19881412132150084	-0.08424860477521912	0.18958426003213352
-0.10957596942307281	-0.13101466457600155	-0.09499211524093754	0.19709483927020371	-0.08351880889051948	0.18819404804903275
-0.09749504468120238	-0.14656971968484522	-0.0830155671291199	0.21022658956725673	-0.09052043000192371	0.2006348190161356
-0.09749504468120238	-0.14656971968484522	-0.0830155671291199	0.21022658956725673	-0.09052043000192371	0.2006348190161356
-0.10931908086274619	-0.12320690560588482	-0.09622259619153684	0.19568934292343992	-0.07590895463926636	0.18713849679522873
-0.10316712373367233	-0.12349542181513273	-0.09025672956283065	0.20365425432896012	-0.08361443692338762	0.1956255647449267
-0.09103692916432507	-0.13811420471135566	-0.07776516589278032	0.21143116207982926	-0.08308674224159805	0.20329758037983375
-0.09608707910440371	-0.13369176449790576	-0.08261321285383147	0.2075743513939573	-0.07850048061221512	0.19962929784623262
-0.08445022789106689	-0.13151425088434684	-0.07317609563351929	0.20811502513104727	-0.08395082916359894	0.20332938743902373
-0.08100568265727401	-0.13287607210326152	-0.06964457514527411	0.20935956002093675	-0.08825277288335492	0.2035104924873506
-0.0695373434625781	-0.12976075850980134	-0.058498016124107446	0.2050908658254731	-0.08972837457326358	0.1992183672465905
-0.041241975571488364	-0.13127492835834143	-0.031122900761711106	0.19736968143784867	-0.08975040371430851	0.19367494556264225
-0.026666216403359422	-0.13937666380849423	-0.016529442437428248	0.1981761505512129	-0.09275184238192138	0.19615557836340053
-0.016938160389413863	-0.13643367552300328	-0.007516031132333565	0.1913394492165273	-0.08688734485183326	0.1897908143676883
-0.011765790211557601	-0.12050152799610732	-0.002290526284263483	0.18689206550251028	-0.08409817162955908	0.18653876314022588
-0.011765790211557601	-0.12050152799610732	-0.002290526284263483	0.18689206550251028	-0.08409817162955908	0.18653876314022588
-0.0369900171736262	-0.08783688106397997	-0.02782036334084804	0.1792367215409803	-0.08293691839222259	0.1784506185733395
-0.0503006942809269	-0.08110642440938766	-0.040374568235205285	0.17421006883486115	-0.08696474310516598	0.17195471234670284
-0.033608664364361926	-0.092287982708505	-0.024234408197125232	0.1806107550774701	-0.09012846666125726	0.1776940072314418
-0.03407107691000402	-0.0802404577832859	-0.024425761985582724	0.19185738011240167	-0.10408813146684003	0.18925161333834975
-0.012782595146658872	-0.10243252433610153	-0.002450501693765517	0.1953700979900807	-0.10409409847525496	0.1898841728126519
-0.01120661738278569	-0.10355405969417417	-0.0015629297808737986	0.20057228173960273	-0.10787973021881256	0.19547470971723518
-0.022434559115024424	-0.10302400410820739	-0.013966714744732617	0.202623473968987	-0.09810219023606305	0.1983085142787796
-0.014745857500770128	-0.09514492757895444	-0.006768024680197658	0.19226175071515406	-0.10213959545131748	0.1872515025325567
-0.024616991591883963	-0.08537755183612784	-0.016205318758928115	0.17477647211393865	-0.08855413537392932	0.16806015673995525
-0.014968113787687816	-0.08565654484463345	-0.008460208756000067	0.17233784406063363	-0.0866632353963109	0.1678413864477403
-0.019535458540219302	-0.0851312543262896	-0.012844382754241036	0.170969915781018	-0.08257867034590219	0.16696884028420828
-0.021633846632167542	-0.09328531284367471	-0.01605191770860641	0.1727017823169496	-0.08037073233600067	0.17103477483744228
-0.033976900859456795	-0.0905892822811536	-0.0294822838408918	0.19672757658696644	-0.09306684758266978	0.19660930385795244
-0.027297621956591096	-0.08519861204806897	-0.02381535052908945	0.20730850431579623	-0.10625491812242888	0.20822616709043237
-0.05018551520727865	-0.08424291670410491	-0.04658351403413704	0.21141720294511085	-0.09613313253425579	0.21250632076859116
-0.061570266598906825	-0.0917126426990276	-0.057873904249148164	0.22949205648323992	-0.10622791631573156	0.2310561019888485
-0.0728448181596033	-0.08087323299886276	-0.06902401975499578	0.20874959774245283	-0.07421719812126704	0.20928741884035312
-0.08470064012623138	-0.06304073077000721	-0.08079046701426658	0.21072325170715145	-0.0839401341351844	0.21000756783390895
-0.09708835613622005	-0.05253814445432925	-0.09322570710205758	0.20152605501432042	-0.07974156280674333	0.19881533581267496
-0.09207248519155588	-0.05345995753974986	-0.08781572072531987	0.2042717347807252	-0.08464104018724991	0.20183039012854595
-0.09610064917082994	-0.04776712164334955	-0.09237933267748019	0.19831197856290878	-0.07569363527903186	0.1964662585349905
-0.09610064917082994	-0.04776712164334955	-0.09237933267748019	0.19831197856290878	-0.07569363527903186	0.1964662585349905
-0.09596009978195873	-0.04867055078305254	-0.09208910183684793	0.19687161427753638	-0.07110968109983767	0.19407473465503922
-0.09596009978195873	-0.04867055078305254	-0.09208910183684793	0.19687161427753638	-0.07110968109983767	0.19407473465503922
-0.0867225004967751	-0.0705649977908421	-0.08328764220892398	0.21466541516160453	-0.07760032857336752	0.21062321291050803
-0.10024107280671982	-0.07027415457167908	-0.09711944561905037	0.21675903837562854	-0.06718108176303907	0.2134549426992919
-0.08442390875245254	-0.08935479719716284	-0.08079409176964862	0.22339683331860682	-0.07111553879376063	0.21813878694132643
-0.10085058174463105	-0.09899375216511383	-0.09874058403339672	0.244468454202655	-0.0802600753347015	0.23981403754072683
-0.10085058174463105	-0.09899375216511383	-0.09874058403339672	0.244468454202655	-0.0802600753347015	0.23981403754072683
-0.10150133359986088	-0.08418859171562537	-0.09872282860117566	0.2431004708685539	-0.08673877926863623	0.24026903357381973
-0.10216054091856006	-0.08208218975208596	-0.09979553688544737	0.24489743211219006	-0.08773978091356868	0.2425947001954144
-0.10733800532428844	-0.0818289346157866	-0.10463151686540179	0.24666460207940172	-0.08332548740243206	0.24477007587316585
-0.11316022559222538	-0.07557879286209443	-0.11135798378377923	0.2321553697373775	-0.07166562913778714	0.23231647149278922
-0.11439546739914955	-0.07918197317414052	-0.1122664353319478	0.2375145627388413	-0.07026305828924581	0.23748195079733436
-0.11076328755589211	-0.06778356222157589	-0.10792369739618071	0.23852459042089985	-0.06524153063965062	0.237230908800003
-0.09030419982420404	-0.08820952210852581	-0.08732064336817151	0.2290399062482165	-0.051388540807347255	0.22715524551479643
-0.09030419982420404	-0.08820952210852581	-0.08732064336817151	0.2290399062482165	-0.051388540807347255	0.22715524551479643
-0.09969432086183225	-0.06774690009209608	-0.09562891605041673	0.2323147010158665	-0.06310473314963112	0.2290352417348065
-0.10158359316792423	-0.06902508331693555	-0.09918634337325971	0.22463637558954574	-0.049067783786046745	0.22374089404911807
-0.1039903512931514	-0.06875829183501672	-0.10164511494737123	0.22390642675512196	-0.04617613923918511	0.22284293408582373
-0.12156845125698637	-0.05647378578479279	-0.12229284953903687	0.2233052344071097	-0.03259831330431404	0.22576471776183327
-0.12925593852232728	-0.04826397674058483	-0.12968552797723684	0.2177092801677355	-0.024779050837394047	0.22016856583570554
-0.13245681997198733	-0.04810279120155598	-0.13282086783790287	0.21395205535537176	-0.021595434042893	0.2162200311365366
-0.14613787065632547	-0.040990650211896046	-0.14701778423818337	0.2092025933994905	-0.012742029988148901	0.21227901729458623
-0.14613787065632547	-0.040990650211896046	-0.14701778423818337	0.2092025933994905	-0.012742029988148901	0.21227901729458623
-0.15425263408748488	-0.03624566843141788	-0.15619860752896578	0.21135733371324972	-0.020397806614296562	0.21489582907358468
-0.15749409580975982	-0.041002500502832925	-0.15932692846574253	0.2165076677459874	-0.021892563622606435	0.2195554491281394
-0.16356943282297715	-0.03891967947226901	-0.16517963361438467	0.2156137483319766	-0.016018872137120513	0.21829354904741277
-0.16356943282297715	-0.03891967947226901	-0.16517963361438467	0.2156137483319766	-0.016018872137120513	0.21829354904741277
-0.17608084131525362	-0.032398876200332855	-0.1769313127102366	0.2288155118620327	-0.016477735531743427	0.23102631625907472
-0.1712445792045508	-0.03840854579067163	-0.17172203536977138	0.23165189975658246	-0.013581511940325582	0.23476803944214308
-0.1697557590379138	-0.054166719155969004	-0.1688814103840676	0.24196892831275546	-0.020823969478527448	0.24481619648537262
-0.1858693372638061	-0.05170607626380926	-0.1843208648187165	0.250278119332795	-0.016900201003346063	0.25173954839774326
-0.1981405521369176	-0.05205024591109993	-0.19691771774961062	0.27040217118118537	-0.040948212833626346	0.2716246856950455
-0.19938451116549766	-0.057532721380472926	-0.19849927980958673	0.2912250365803578	-0.08051716105790112	0.293029412435026
-0.2034250705917806	-0.05553091340730154	-0.2026236321114735	0.2941750557033702	-0.08031691811882974	0.2961066286856522
-0.22050132368431008	-0.05078902700793911	-0.22063315311269757	0.304307065528616	-0.08255800468678731	0.3080366019998423
-0.22050132368431008	-0.05078902700793911	-0.22063315311269757	0.304307065528616	-0.08255800468678731	0.3080366019998423
-0.2522277131221977	-0.025041982802153823	-0.2522692358641785	0.3045717550693144	-0.05934151174772702	0.30703242855595464
-0.26943081386155054	-0.030927410130347874	-0.26958700177824835	0.2987696589344331	-0.05056642843312307	0.3003777871380654
-0.2762497530352584	-0.021579164843990348	-0.27628382516297045	0.3008216414906548	-0.05163729519565094	0.3005670079781767
-0.2774475563033313	-0.011459010132284416	-0.2779965780019718	0.29665681813932787	-0.055002122141376154	0.29704165732077104
-0.27786860581764006	-0.009681762585670932	-0.27821589102036703	0.2963487227628645	-0.05380326298839706	0.29684135937517064
-0.2761399490796257	-0.025041605981615353	-0.2768585339950108	0.30805189054737914	-0.06228391543990543	0.3095301255206303
-0.27831098101271934	-0.042042351249282614	-0.2794568323411085	0.305141896923506	-0.05927517874998496	0.30701901836362655
-0.28109197575259826	-0.0177409801403609	-0.2828764059153145	0.2955667912417795	-0.057221392912758844	0.29801504433837367
-0.2810388535895051	-0.013279747147044775	-0.28261372779958327	0.29301821304758635	-0.05617598926244547	0.2957835112821513
-0.2779340394628433	-0.021281434642075863	-0.27863421944233013	0.29237577839191975	-0.053180235202486395	0.29361834140521975
-0.27951134821334767	-0.016919848886570162	-0.2799972864687724	0.2871794213637966	-0.04958720857575536	0.2884286366981985
-0.28123563544736085	-0.026256971458325472	-0.2822569567955242	0.2784490639827458	-0.04695135785335115	0.28014918146056245
-0.2803033956317643	-0.0204745373874673	-0.281560426035656	0.2718677633563543	-0.03963891773228561	0.2741077168106798
-0.28334434754106985	-0.03384197619427308	-0.28492445272586003	0.27753707600901273	-0.0348056598667534	0.27970731949670147
-0.2771604548392752	-0.03960171833278343	-0.27760427756563477	0.28402410788717164	-0.04207689658553278	0.2851047100865378
-0.27350950028827997	-0.0429303486068339	-0.27351421792156405	0.2685190295970041	-0.008297308234414397	0.2705068028685675
-0.2586453014286074	-0.06818417650156092	-0.257889294225433	0.28234092786663517	-0.01875530371136424	0.2836374702597969
-0.26023525398052616	-0.08015689637472956	-0.2605831999821028	0.27777763869953437	-0.009090733102868207	0.27980989047683436
-0.2601014771076099	-0.08636823266467067	-0.2606228417715766	0.2763922516034374	0.0009917908961385412	0.27846412169449153
-0.25095744557078836	-0.09831624185649575	-0.2515694687784673	0.2918791874470127	-0.015835110192363493	0.2941546543581626
-0.2513012783658996	-0.10375469204610438	-0.25253790232138673	0.2945622299233359	-0.013904038435992612	0.29809888035534815
-0.24920220555538264	-0.1642233592020142	-0.24878780171790404	0.32291110108867216	-0.016148359841297404	0.32498654701058144
-0.24252585590833634	-0.17061140640529104	-0.24244044313209578	0.3288965176962434	-0.017310174670364102	0.33154991990056815
-0.22306980961258072	-0.16620010878251953	-0.22198021401505347	0.32102889545475133	-0.022659566483625385	0.3232040365450338
-0.2285021867828952	-0.1654874270947833	-0.2266719975571483	0.3258696227878155	-0.022395124306859044	0.3270294024378805
-0.2099817265817303	-0.202852702998403	-0.20703627824738732	0.32362308005216744	-0.013326745621217408	0.3227800217538192
-0.2060993065910381	-0.21529746104007563	-0.2034303657301858	0.3289086457766782	-0.012453905730770789	0.32842811264942484
-0.22912694036837847	-0.22627347283810625	-0.2236646612012665	0.34975412456072885	-0.02376982461990486	0.34586578418018915
-0.22927914515204162	-0.22968334570832016	-0.22347722509203807	0.352434508349683	-0.022480478049450674	0.3485795120611199
-0.22113277452218671	-0.22765331014549556	-0.21575979382459465	0.3619805132885293	-0.03694067758097199	0.3589590919385429
-0.2349514479328089	-0.22527166981708552	-0.23152052992922204	0.37006839988208107	-0.0413424207742592	0.3686314968478651
-0.23123786851050027	-0.22483636190624529	-0.22752222770521774	0.3767782112917166	-0.04463312920971023	0.37522544206193953
-0.22337614556639757	-0.2286853775547822	-0.21999619650228547	0.3782547484188582	-0.049574637325436335	0.37625695121631725
-0.21289310472337003	-0.23579368969466472	-0.21051925563248872	0.3871597079233114	-0.06038880958561798	0.3857434438402554
-0.21289310472337003	-0.23579368969466472	-0.21051925563248872	0.3871597079233114	-0.06038880958561798	0.3857434438402554
-0.20343341224786393	-0.24532658155457462	-0.20186930880494527	0.39905175958386074	-0.06482340924877056	0.39861896690310705
-0.18914313370647995	-0.2582873161407472	-0.18746558759340093	0.39885000536742027	-0.06921140762755737	0.39814615940993103
-0.18275826265721837	-0.26558542946579955	-0.18124260230424272	0.39846339701592015	-0.06590692255075435	0.3980121127376315
-0.17695368998435376	-0.26845657393746003	-0.17716063283753788	0.39759909098449503	-0.06508886643879282	0.39714967405386625
-0.17695368998435376	-0.26845657393746003	-0.17716063283753788	0.39759909098449503	-0.06508886643879282	0.39714967405386625
-0.16673532124446028	-0.2819115426900448	-0.16630196451313678	0.4119255125985476	-0.0722591488997296	0.4113213698050543
-0.15917469189110656	-0.29498464110879963	-0.1583813735010413	0.4218175237544659	-0.07941978718667303	0.41978203086219606
-0.15674475915274527	-0.30972741552724936	-0.1539610557982271	0.4261886095713956	-0.07470064434538602	0.4234608222427886
-0.16562003687120763	-0.31149710389731744	-0.16228257867991935	0.43084787521000906	-0.06909860529385023	0.4270913211437617
-0.15594565593665777	-0.2702472331347924	-0.15222678390701527	0.40752353532307917	-0.07522435496525516	0.4025287698027664
-0.14694590615217545	-0.27413203080323345	-0.1428174880798927	0.4107236643729647	-0.07861801556991055	0.40531128912008973
-0.14337856344723532	-0.24299733326858738	-0.13771950624008006	0.40277287708383686	-0.08909797782849471	0.3952460723833544
-0.1463460340461709	-0.24944363959611632	-0.1405352015969211	0.40357784371342914	-0.08887226490652328	0.3968575754856138
-0.14467458108048592	-0.24085247360170958	-0.13960761545221256	0.3957459454908525	-0.08231369513601469	0.3892256916052219
-0.1410393147082509	-0.24408293184004565	-0.13605537351949926	0.3903502651165701	-0.07606977473535784	0.3838073934710743
