4.081722616172071	4.346482723298517	4.527778078929721	4.284209719299127	4.394473873233439
3.7751097860324	4.105512407641234	4.2335515505835675	3.9977657296455273	4.133083608215053
3.9947692884521224	4.279737200435978	4.403758699577692	4.2005571156878805	4.3197488757354074
3.6632290334717372	3.921704256106257	4.061971193435191	3.8580145846590033	3.953548912008591
3.481164563371221	3.6958512244810193	3.796341637509832	3.6445384057313484	3.726682483858032
3.771910717465048	4.0304068181058765	4.202721629171347	3.9706043960283877	4.0603377713734226
3.771910717465048	4.0304068181058765	4.202721629171347	3.9706043960283877	4.0603377713734226
3.6653956962845022	3.915566230095549	4.024688797589004	3.844555231638159	3.9297943826931463
3.949254724701818	4.289276377217903	4.336223755674377	4.1706305053901245	4.290861916096548
3.949254724701818	4.289276377217903	4.336223755674377	4.1706305053901245	4.290861916096548
4.042071382426318	4.397267337052572	4.425405929885767	4.260166054363654	4.378137880513342
3.9511360230603847	4.258099122531164	4.324983710550564	4.1593933957359495	4.25720340806264
4.035096493131232	4.366664938803846	4.447536404623637	4.257953948757791	4.369306163994302
4.14296012518077	4.4668523957395285	4.517831884862924	4.356695212964949	4.468596406124979
4.938288583264568	5.300159323423254	5.355844657245316	5.179782716317724	5.306575126979279
4.691421273475244	5.019317939640256	5.091896919706693	4.913127815440303	5.033816479257255
4.676702774226236	4.966900446428274	5.067625608363997	4.883118249466362	4.985620312158761
5.001271535621807	5.333185592218887	5.439529921294102	5.228053195404745	5.352453216763309
5.639403614057573	5.877172920913483	5.951208435548369	5.820052082756278	5.883071638894362
5.420093725916624	5.6587684072294655	5.8111561568638335	5.609841246453228	5.6664751801778115
5.185143029388563	5.344293594526554	5.3846009043905845	5.313734303755155	5.3528446700609456
5.562147837359048	5.70997821879533	5.785535443572671	5.689636201996442	5.7135716291636465
5.793933657051003	5.942661989330901	6.116583782459157	5.94916786141308	5.966385629630458
6.537593692075079	6.673809778066649	6.901892703121757	6.696882676722469	6.676114238299651
6.537593692075079	6.673809778066649	6.901892703121757	6.696882676722469	6.676114238299651
6.181805734232847	6.235699412293525	6.355106310827589	6.277933622821191	6.233381495148293
5.569271700977127	5.598196471159864	5.6969279807527915	5.64213458437515	5.597631029178871
5.569271700977127	5.598196471159864	5.6969279807527915	5.64213458437515	5.597631029178871
6.216193708361313	6.2251971015982805	6.270420870168842	6.261749288359893	6.203994073220919
6.1470602406740715	6.186522395399532	6.3042339167036925	6.219407114834175	6.17132436492219
5.875661859633365	5.939445428906816	6.053571758837071	5.961709131103323	5.927157530790905
5.896853981682423	5.969744843869031	6.005902953400896	5.97529838980826	5.969302312684107
6.307386222840623	6.320421612181643	6.321762781577913	6.3559838110029885	6.299148117340743
6.419993459782529	6.427631017547948	6.549548965657162	6.485215999376175	6.408778345880315
5.867627143307	5.885568712444198	5.967152283072581	5.922804560615819	5.854336255482886
5.867627143307	5.885568712444198	5.967152283072581	5.922804560615819	5.854336255482886
6.199504184430837	6.183933097701881	6.268570673132103	6.24012981545743	6.181784556880729
5.9168416775835935	5.897611581860442	6.001467265935868	5.962015895426032	5.905012756689715
5.452555010048984	5.511152699872943	5.548664524153841	5.5205713757802	5.483342163481258
5.509759447676946	5.558256435259002	5.596158330382421	5.567589665710287	5.512697623740957
5.096437541144733	5.159347604162792	5.163897765977825	5.165292492257192	5.1296323567832
4.913400351655693	4.927781618668313	4.895779539282636	4.951667640049621	4.895054576461989
4.913400351655693	4.927781618668313	4.895779539282636	4.951667640049621	4.895054576461989
4.254924738595256	4.309383679184356	4.305407749452127	4.306770794688752	4.262925501826646
4.39119434279936	4.479169776300187	4.482488539094064	4.464675455768974	4.433278994962933
4.724597956768462	4.818917259786829	4.79927258148745	4.795611260751981	4.768391751791673
5.544400209560825	5.621610345182604	5.545800592859209	5.59424657711616	5.539985462665128
5.438679728161157	5.517987403757141	5.366960014174442	5.480663667718761	5.430414837233172
5.850731614426029	5.941988505227754	5.810471888307278	5.9033670902829085	5.855549451983354
6.60406335631294	6.681006388656414	6.640474874170449	6.6696586453629045	6.635541663899034
6.797678414801948	6.918914115683525	6.923945049735036	6.895048019579798	6.879920395465922
7.885003339112499	7.995541265110807	7.922294015036297	7.970092141258735	7.935327605339451
7.464491659835253	7.587675491885993	7.637400022432638	7.5822502290002	7.611598708952085
7.584716119228392	7.744885581778073	7.696384070591454	7.713358343299804	7.731599599396898
7.073278991551702	7.186364695064725	7.150066288327182	7.162598429044686	7.137129197423814
6.538323531603842	6.637838772085904	6.722195092531683	6.624399588367938	6.626498607052804
6.670211761571579	6.77828895189521	6.891577544241677	6.7614603332943295	6.766418190466304
7.084748873433569	7.232075178014239	7.461856728279073	7.226629047427586	7.242721562570936
7.285637484444706	7.4538892720771015	7.636456655103346	7.430157480175485	7.43591240111255
7.566748177124134	7.658250255645538	7.8834598906609425	7.683688933846801	7.713269488221471
8.47266336202336	8.560932182059755	8.824789464249097	8.596262474120875	8.588814475608137
7.203720162383969	7.2592377392928595	7.570287209478757	7.320900200868543	7.357877122044384
7.203720162383969	7.2592377392928595	7.570287209478757	7.320900200868543	7.357877122044384
7.221217689027574	7.207541521237455	7.37492341942983	7.2913431123007175	7.257742443989605
8.021518664489623	8.04028875625795	8.222344770109455	8.119841643091824	8.094887408218577
6.907864884992724	6.883280677841958	7.0200505036135565	6.968613417337119	6.950592250274029
7.736706574596987	7.746949993263009	7.748162960372702	7.797482857476957	7.72340928074007
7.736706574596987	7.746949993263009	7.748162960372702	7.797482857476957	7.72340928074007
7.43131824191972	7.425723518008507	7.400346046584686	7.490748526316307	7.430760332181985
6.921553625858074	6.906495767155232	6.86289966368545	6.965783484932432	6.92605304320097
6.953070571701126	6.92580286790898	6.8691463864252995	6.977554986540365	6.942350259444786
7.110090089930415	7.182108133769113	7.181425854567156	7.20750720952864	7.195858815059649
7.110090089930415	7.182108133769113	7.181425854567156	7.20750720952864	7.195858815059649
7.800948993604985	7.870621277442402	8.046855805704354	7.935045518009106	8.006493735665945
8.00590988543824	8.080135260070863	8.227912631663017	8.141057942273486	8.228902581682016
7.317631185475676	7.385271747869891	7.445836138653713	7.428808050387239	7.502089095709632
7.966813770845734	8.06548839225232	8.21791923769329	8.105911389665923	8.229930289450133
7.527528658725491	7.7420118234368065	8.074899960925556	7.758576726290035	7.973156629109886
7.527528658725491	7.7420118234368065	8.074899960925556	7.758576726290035	7.973156629109886
7.6731319079653835	7.892502814211578	8.18840884894882	7.899401911322517	8.116897222178967
7.605577437156292	7.839153831372175	8.157978343762917	7.842773966160447	8.056449318695178
7.285462554629288	7.523568212259849	7.871095791646502	7.527671415127189	7.754195861873659
7.285462554629288	7.523568212259849	7.871095791646502	7.527671415127189	7.754195861873659
8.396064486051385	8.640367043677513	8.910470710707248	8.642586146018958	8.832176770705008
10.36593021556192	10.689776037479415	11.073401742003346	10.670988926277424	10.857611281809557
10.632254213719566	10.892220634926558	11.148133359019754	10.880266235229344	11.029009281802287
10.911568388244472	11.190749091563319	11.49462125470514	11.180866884484077	11.322690899279225
11.213092311170463	11.433465160766866	11.686014591608512	11.45027901048334	11.536478140719334
11.573435762745511	11.779749293993248	12.103422601972955	11.823431925216806	11.93898769245028
11.846616332738606	12.099857477605624	12.400296171059004	12.116597547764483	12.248529504390211
12.231868563696501	12.47249274273	12.688894491994512	12.473132981815546	12.561182494288525
13.822139569993293	14.086657863961658	14.396398622893672	14.104813729136081	14.210611837514298
14.787005924578349	15.017458413975586	15.579169183066101	15.102778254221494	15.293972465844243
14.372472493736524	14.586162702197704	15.131782195402028	14.668915267051421	14.843346303368547
13.050084110897838	13.290624668364725	13.993272070657591	13.373188438332752	13.570699467648872
14.611850883735482	14.854720250961902	15.721700454023686	14.969097575323804	15.157069389269397
15.352250335177368	15.611649131406233	16.538587915795773	15.73340681287346	15.915680784863193
17.49379411147831	17.763897757886085	18.6099668506509	17.864686455764655	18.011081459161993
17.49379411147831	17.763897757886085	18.6099668506509	17.864686455764655	18.011081459161993
17.95115620982535	18.147907096910288	18.70828604069553	18.23385439197286	18.326961238748837
17.95115620982535	18.147907096910288	18.70828604069553	18.23385439197286	18.326961238748837
20.602875872411676	20.7562556521888	21.262151727601484	20.8465801714021	20.933031531622696
20.602875872411676	20.7562556521888	21.262151727601484	20.8465801714021	20.933031531622696
21.501953303938492	21.625958603392704	22.152028343699147	21.740796230887764	21.77785584632157
22.404265230606082	22.53038284303923	22.811930629199182	22.59459016239041	22.524006218823494
23.11510204827053	23.237768274447678	23.74771216836559	23.342447830817797	23.289400806687173
23.624804293425576	23.895345646075583	24.696396629046653	23.99001262596603	24.063269906226616
23.84036130049998	24.06689734227537	24.70484013891973	24.173058155129734	24.177832228050526
24.514576485922216	24.81863002590733	25.641658982544374	24.909264753937265	24.941436137244835
25.480144387610956	25.77868315851428	26.50005588808611	25.861270742256668	25.904587546938306
29.844817401386276	30.358634907643797	31.229102525797316	30.38838959883141	30.468445503221496
29.844817401386276	30.358634907643797	31.229102525797316	30.38838959883141	30.468445503221496
30.399576132982826	30.90924971017271	31.754952848493772	30.937656950676722	31.01492200610157
31.560891046564592	32.089986071411424	32.80516681866974	32.08398758173999	32.08093618580145
31.47146816457724	32.05203927922528	32.86897831314744	32.03512287344713	32.070793881381135
31.41733934453543	32.007300877960446	32.975581206331604	32.0082214736229	32.172595711812015
33.55855661036061	34.24689597477445	35.320789366591306	34.233884703444154	34.43918818668163
32.89234037845753	33.595361386063914	34.66143669284163	33.56518081925055	33.766227051114676
33.61762542165681	34.38947747480833	35.47767712449728	34.3358076471018	34.56845816340489
34.565485780259586	35.397406860809596	36.814004894233136	35.3773233126221	35.75711750227043
37.85386721576478	38.71739179808121	40.08484233277017	38.696483367848174	39.13346160170134
36.67775395957429	37.586912565686355	39.306922162139514	37.620517428284096	38.20065303978169
35.74930081916942	36.40642539028882	38.136201281311656	36.54040587058761	36.981271226181065
35.559135224148044	36.22606193004806	37.78676287969352	36.325743886770965	36.75404892653678
35.559135224148044	36.22606193004806	37.78676287969352	36.325743886770965	36.75404892653678
36.95028029983385	37.76856531681646	39.088553967627355	37.764122409820004	38.16588118483672
37.03903006730448	37.86611997440942	39.26243615322821	37.86000832945632	38.24262424448427
37.45389047209133	38.197846572897085	39.782443151001175	38.28067579939378	38.579493397008584
37.45389047209133	38.197846572897085	39.782443151001175	38.28067579939378	38.579493397008584
37.676760727412656	38.43697384536642	40.08474196892229	38.53033775031117	38.83605629403688
37.76946035132665	38.38133745686467	39.821636193761215	38.470880149763694	38.68921113585249
36.72184663916545	37.382500294563215	38.88221052010969	37.47878141750426	37.71133554101871
34.914177830020144	35.54072407467503	36.913112580461984	35.62056866391747	35.79551652186695
32.32071460084249	32.85036532296102	34.01978310784598	32.927235332389074	33.0215744368733
32.39942105471692	32.89798579843247	34.08957267856523	33.00714326302946	33.11229477391665
31.950916361490748	32.421213016651365	33.57374620253347	32.4981194784189	32.55020484065458
28.89087840761337	29.287462583459554	30.20407728633907	29.34177895748674	29.374817228967107
28.21960161954431	28.79689125198664	29.94752579362758	28.816803134399564	28.94595263210997
25.36974056665581	26.103313862392536	27.08782252826594	25.995093827088855	26.173740310497347
25.609733732596155	26.48310080472772	27.31351147465669	26.284934781053742	26.497457593374868
23.74365665864943	24.519313759497617	25.38080370571612	24.373871506763862	24.542638705506008
22.681102524731067	23.483961252399794	24.064905440431883	23.300111485446987	23.462193633838748
22.402834802916324	22.968424008690338	23.39727329414217	22.851351617333858	22.905444486734424
21.00952761905005	21.519639324614502	22.01475629743686	21.434408494052946	21.486124339912365
21.469365280631923	21.780891719575443	22.244038919241923	21.820948404429938	21.835001392467074
22.737339501931928	23.126155256454158	23.624970550366843	23.12639766282122	23.143037824221587
22.942946862345977	23.32048155470673	24.0722905389183	23.363277166727816	23.363657134201972
21.701747585305064	21.994488638119698	22.568637977059794	22.050560406583266	22.029654748859446
20.528818150427696	20.972729034023317	21.656220860299506	20.967431620383945	21.00089323045484
20.528818150427696	20.972729034023317	21.656220860299506	20.967431620383945	21.00089323045484
19.9811375913456	20.33925439714118	21.102208588979366	20.416890886210286	20.465317734578974
20.65154804728519	21.08740784017892	21.691933655457333	21.10484414145317	21.180562818163757
20.368633251864104	20.82135745708424	21.562449148137855	20.850724537883394	20.987508484664204
20.14593898185267	20.61681833898188	21.39704423903315	20.62260148945119	20.740173135259177
21.195983030674892	21.60517464617013	22.29432742152311	21.62315369851572	21.70199453227423
22.10527430932522	22.456034535820404	22.910212228322447	22.477789376325145	22.483583019985886
21.410929063204975	21.726386622899852	22.30143475792347	21.789966767468005	21.844212713559028
21.128748846567124	21.464524281246188	22.026094320277906	21.52368140316043	21.579210914226902
21.50698862078649	21.83475171969055	22.322163228794928	21.88505897676855	21.9410488516793
18.780393359871077	19.060932913765075	19.68701775733423	19.126026472880753	19.122131341131727
18.780393359871077	19.060932913765075	19.68701775733423	19.126026472880753	19.122131341131727
19.76960937990702	20.016266304399085	20.50938511085078	20.080878285347634	20.041269792219197
19.861618796789454	20.16108511015321	20.5188240877177	20.139156713263073	20.07870365788266
19.29146035111911	19.574624697622333	19.957186343778233	19.575995497887995	19.4957118587748
17.94163555728168	18.26640978822573	18.55313668707771	18.239615406832073	18.17006077215424
17.37559174669431	17.73457289992405	17.965592705023	17.669272194131686	17.63105537421699
17.45896661489979	17.780009776426876	17.812196692166246	17.707380177814994	17.646762686520585
17.536415689633692	17.815170516516666	17.86269313178155	17.765713015309235	17.670702051091062
14.181495627752177	14.476760182221739	14.473724598714465	14.412789251103106	14.37371572869485
14.449385058426815	14.747497826715971	14.740590906166156	14.687827162539131	14.63336451167978
13.956640717118434	14.296010042464559	14.3128822369569	14.20736276914945	14.211336686260283
14.198731465239483	14.523851595419407	14.582983917654884	14.456934223513741	14.466797423795462
13.753061533320853	14.06368217651011	14.187185993980922	13.999818137883121	13.983852969632869
1.2473050986026661	1.1543927820485347	1.1823864069817107	1.2035394986483547	1.1228442517010975
1.5148877726088792	1.4211023330460617	1.4445271863641271	1.470779169773603	1.38889254374901
2.365835798388841	2.281562851253261	2.39255753340787	2.3411460863227695	2.2732348256568096
1.6598630512932147	1.5713287362296129	1.7061328056311387	1.6433172369732723	1.5912162202652043
1.9153327438588506	1.8543135952389727	2.0477732355923215	1.921774626566953	1.8712903062259376
1.8240391365058701	1.786775596577114	1.9757704674762537	1.8431381062679548	1.814454736432886
1.8622590448254157	1.7989664876393672	2.00168636710002	1.8682192081629307	1.83052052049085
1.9224757694753172	1.8436324525880352	2.006946242867946	1.9096550023554189	1.8765208941540406
1.864888376982124	1.7763146798955947	1.9401904041085254	1.8441283476873722	1.8025190299067695
2.0861135559962736	1.988137594687049	2.1697108502369415	2.068090232939838	2.024632543387404
3.1031808985291485	2.983489383262272	3.280621449214429	3.0913800406332372	3.0412980166321124
2.711757044069594	2.570017171302435	2.8397851381705776	2.6845295420888005	2.6237092438726832
2.9912925933552743	2.8180568286642522	3.05366942865676	2.943028016301815	2.8458617700459725
2.8171673209177146	2.6780861477803293	2.871719969872616	2.777132987014149	2.691358002120511
2.937586117523331	2.7904910117143857	2.9674427392687854	2.89292038186748	2.8029076376591866
2.1198865264604203	1.976189592002484	2.1198528875071303	2.0611305280673626	1.9541836513985666
2.1448359559442873	1.9903545276543189	2.1455239409739932	2.0824542637093924	1.966032546983092
2.3375228801273855	2.160915668262194	2.38860653594771	2.2779490716848882	2.1663268689426936
2.530399667520267	2.3203347800690786	2.4994804958184096	2.4331135765883487	2.2908581829395844
2.7014567618886085	2.450707147489615	2.6551662237977243	2.5872270133511366	2.427331126383147
3.1082227682741888	2.8013608533237018	3.0857679323195506	2.978665456848329	2.791165262165195
3.2284070405132095	2.932726906337244	3.189277403608515	3.097795498062789	2.929051796312621
3.0890725937096697	2.8009844441862746	3.0914309013392414	2.966949760502089	2.8095952321340514
2.892117203379353	2.624822188828603	2.905040934339189	2.776314013779774	2.6246318532897575
2.892117203379353	2.624822188828603	2.905040934339189	2.776314013779774	2.6246318532897575
2.8764941391289383	2.6109628303734977	2.858177437248491	2.758528811650886	2.607616189324306
3.007204808019025	2.725647985764134	2.9750205997279457	2.879100211849843	2.7222319013732097
2.985193292373986	2.721447018968878	2.9602091629492504	2.868170773132391	2.730359547659307
2.3053984280104705	2.1099485994032356	2.4299007449428873	2.24031166780215	2.1648845785031567
2.7630042634332312	2.534713844150037	2.9647489793876307	2.702298205891114	2.629765928287941
2.7630042634332312	2.534713844150037	2.9647489793876307	2.702298205891114	2.629765928287941
2.953358356451708	2.784250362602768	3.207462871228953	2.9101015255949627	2.8487958729329605
3.380121496462476	3.157898190359196	3.616535114374019	3.320043501806657	3.284663581762398
4.673218129008355	4.468221610201682	4.983931280500965	4.646756151321898	4.605491587245062
6.453538615754059	6.309591278422208	6.788269172612338	6.464423025551148	6.425601979077174
6.315681309231047	6.184406936657091	6.5501053876038435	6.310012109549905	6.241478707842055
7.124752109550454	7.027184485328333	7.456560087581697	7.156717541596741	7.076002017571221
7.079338068470749	6.930385165559313	7.479572220825394	7.111381180606137	7.155042225860756
7.331223976473378	7.167381869797657	7.812303853745153	7.371929209932879	7.441489388472228
6.699402312216427	6.535720703056848	7.0908313073521665	6.715891874652653	6.7623417638896015
7.901188432251769	7.708195341411401	8.254761171324816	7.908846444809085	7.944417250853143
8.59433922933678	8.394893032144983	8.913696072597554	8.598128651063623	8.659206419512003
9.56718282106264	9.371117179569394	9.783817769484122	9.558190940601987	9.643867888426032
9.56718282106264	9.371117179569394	9.783817769484122	9.558190940601987	9.643867888426032
8.795532724204888	8.58054496644779	8.932635084511983	8.768457302417541	8.880193720449995
8.522340208986238	8.297801513656815	8.677344716980835	8.491774327523713	8.610633672067712
8.645270156990307	8.414031179595911	8.791108975262658	8.611674360327706	8.72859004253286
9.335567319166122	9.055860656397003	9.36592814120624	9.264035524921201	9.375855818708224
10.100839073386444	9.80056250273873	10.102884396798848	10.020145139942736	10.107170754245418
9.53491402247899	9.197327348122492	9.41189497283961	9.41577043436937	9.497858438719774
9.663935869849523	9.366545047477777	9.518889131111754	9.55993838330821	9.599282485429642
9.800091055479163	9.57639966148041	9.785543375190791	9.74715024504252	9.864277052895043
9.93491870041337	9.700573816133153	9.914201649960031	9.880980812843935	10.014370576961724
9.93491870041337	9.700573816133153	9.914201649960031	9.880980812843935	10.014370576961724
11.02025047247334	10.699109426967103	10.780555979175777	10.900867808326849	11.03130821850561
11.63431850788752	11.273888582497149	11.4807731474053	11.544404237184091	11.779114113045505
10.463096525116057	10.148151755293627	10.351389026614198	10.401801953456951	10.577948937748513
11.032493548176793	10.749359407418943	10.893157562964815	10.98698533315475	11.196715396015028
11.955052636028936	11.667906536724251	11.769745921007617	11.898402327496512	12.037931116996946
12.28839471280025	12.00482756370468	12.09930527448917	12.24074711123829	12.399360205727278
12.28839471280025	12.00482756370468	12.09930527448917	12.24074711123829	12.399360205727278
12.760966953776293	12.449384359491559	12.468304610363022	12.666242816384079	12.791629012221316
13.490852782924152	13.175813739838139	13.068021896730814	13.368622942565288	13.45586307964283
13.39222102633547	13.037714603099664	12.976227839067148	13.252943620397138	13.345267195712717
14.29999030517653	13.977442392561915	13.799157252134917	14.154428866346482	14.193969878105404
16.372836474302797	16.045782679276904	15.773852623093735	16.219155356513728	16.23376801124044
15.72975431399352	15.43937826575525	15.255097813760598	15.610309151400807	15.687528918215541
15.214863248426038	14.947352315339531	14.6717786214971	15.085940555952318	15.191248736994602
15.214863248426038	14.947352315339531	14.6717786214971	15.085940555952318	15.191248736994602
14.771284665348048	14.56425943619745	14.400769032061806	14.69431408820786	14.846194895668322
15.662524067388562	15.41050532778816	15.160548135598416	15.529768357785882	15.676858223180087
15.662524067388562	15.41050532778816	15.160548135598416	15.529768357785882	15.676858223180087
15.26479558411856	15.079952673985412	14.740064762221285	15.149275925134056	15.258522160521599
16.69765105673397	16.496092209409912	16.278711090663823	16.624161729543776	16.819453090720287
16.69765105673397	16.496092209409912	16.278711090663823	16.624161729543776	16.819453090720287
17.872430421327934	17.72430401385313	17.57753658205306	17.847708542376512	18.064369402582965
17.8400555529701	17.713248364986786	17.46293092616112	17.80940172636096	18.012209798710366
17.26002226364943	17.076081316626528	16.92171051182627	17.219320872848286	17.458082234849524
17.71310627219959	17.632929386978937	17.26193430923248	17.679595591838353	17.90058656126214
19.60901057910275	19.478325519721206	19.20672807097755	19.57724249180147	19.883548602761277
19.60901057910275	19.478325519721206	19.20672807097755	19.57724249180147	19.883548602761277
20.373909494409553	20.179498392361257	19.93632241723489	20.31944499806998	20.61853810271635
20.373909494409553	20.179498392361257	19.93632241723489	20.31944499806998	20.61853810271635
20.65020838830531	20.53573154926004	20.254129222686462	20.651503257905226	20.909438633848104
21.017369456908916	20.926643757901402	20.64084285567227	21.016804842341404	21.24786183158555
21.290307981454138	21.12490173889837	20.796222967541965	21.23884690931632	21.44958767061584
21.290307981454138	21.12490173889837	20.796222967541965	21.23884690931632	21.44958767061584
20.95394501684528	20.811643229314882	20.504376749514726	20.911876968618447	21.115224773633614
20.469702942863346	20.409514084921465	20.102683322118153	20.471740805887816	20.699529064228397
20.103263102565343	20.01441354518768	19.7461566558718	20.113997866003782	20.376904059211526
19.317475135912684	19.22871753199068	18.8150497607748	19.312800409046563	19.539837087702907
19.879390118721982	19.76784145157254	19.130094525794025	19.81553954746593	20.01664279692807
19.974845436824936	19.87462066284207	19.34237128111795	19.9373242955374	20.15173720891825
18.328980095945482	18.137926552344037	17.648940621921682	18.22443005935843	18.458251062115203
16.770798218785433	16.57470354348489	15.864331545478588	16.591531654495686	16.803130432971166
16.699282880233508	16.44504034964489	15.660891267160396	16.473334017082347	16.68606029951863
16.699282880233508	16.44504034964489	15.660891267160396	16.473334017082347	16.68606029951863
16.974332528372152	16.75015382814186	15.816001041788532	16.739967814740876	16.862821304098823
16.708916757929742	16.458606091688807	15.58651401033793	16.47291312013554	16.615038577854556
16.32768806541125	16.111707743573017	15.31205072205594	16.12092993463537	16.312885636162516
15.635405919603217	15.422658540194785	14.659109109476738	15.435422724136114	15.650272210974745
15.635405919603217	15.422658540194785	14.659109109476738	15.435422724136114	15.650272210974745
16.90044589797108	16.62229635498349	15.9069944887219	16.676373380282808	16.95081845673324
15.641271803679247	15.404078494415998	14.967748387552735	15.489944680030122	15.842997451863328
15.641271803679247	15.404078494415998	14.967748387552735	15.489944680030122	15.842997451863328
15.634247488480115	15.422891108045143	15.04858151521324	15.497985918093084	15.849505167892383
16.143537200801948	16.03281152638674	15.559468124119707	16.035034172549086	16.30857796624161
16.143537200801948	16.03281152638674	15.559468124119707	16.035034172549086	16.30857796624161
16.29261189406919	16.181369300823437	15.630647862065516	16.17444062543287	16.415384484597435
14.109083995620285	13.994513494515493	13.60689071823321	14.008790808157379	14.291825199515849
14.109083995620285	13.994513494515493	13.60689071823321	14.008790808157379	14.291825199515849
13.351028144108989	13.229012249661615	12.89502820797841	13.259305208426692	13.564714906679368
13.726473827136692	13.621009556739729	13.215581521452453	13.637602247046926	13.948986384448654
12.774688566866502	12.590981560362446	12.277151515319584	12.659823926083142	13.031291628552347
12.955632365547437	12.722596530491263	12.60099679062134	12.849263138772312	13.292775254414565
12.390965518633276	12.15607252224657	12.104984313981594	12.298429001472579	12.715521721245684
11.692815019899276	11.525897323947415	11.449240918732983	11.63620553979986	12.006831326014717
11.004595886687612	10.873213578151185	10.784962526172388	10.964637522300862	11.31059513430286
1.6538429077242915	1.6273933064887611	1.5560879645987604	1.6229388654788366	1.598960586949212
1.5726598095667808	1.5433604356621662	1.49383077648343	1.5443675427373253	1.5255868253724718
1.5147577708693023	1.486372821629499	1.4480675972283268	1.4921056125674819	1.4818364624036728
1.5147577708693023	1.486372821629499	1.4480675972283268	1.4921056125674819	1.4818364624036728
1.7015609058824404	1.687884426941094	1.6493958719642705	1.689898355620364	1.6977249938665453
1.6200443317332847	1.6065198189281018	1.5571227854299408	1.6053934296184147	1.602039248999718
1.6200443317332847	1.6065198189281018	1.5571227854299408	1.6053934296184147	1.602039248999718
1.7924560606671645	1.7515973804186806	1.7098684778251536	1.7695284924381558	1.7514917587955223
1.93984289508307	1.8985275157491908	1.869107754752476	1.9206432954100126	1.9038297727614226
1.9454006806320845	1.9011283522078712	1.8749799567040162	1.9252008112779184	1.9123927179438704
2.036370875399413	1.9746443062351164	1.9508275445282446	2.0031842482521705	2.001703670184032
1.7318842785344675	1.6880951382158702	1.6417970505747128	1.7000577734468494	1.7058422511581963
1.7318842785344675	1.6880951382158702	1.6417970505747128	1.7000577734468494	1.7058422511581963
1.465913086007097	1.421545936753809	1.3850278604768689	1.4370183525000289	1.445159021224205
1.7328591123696664	1.7124461826669115	1.68149462610015	1.7221307733708917	1.758556333476702
1.7328591123696664	1.7124461826669115	1.68149462610015	1.7221307733708917	1.758556333476702
1.7582045280350012	1.7404746182185198	1.6803585305429736	1.7514976823845954	1.782529010602288
1.7960288804354674	1.7940856722177025	1.7314794716287163	1.79581884391387	1.8132812470717878
1.7714632169455289	1.7333517382034465	1.6679709296712837	1.7510496339082429	1.7572016993057573
1.830997492595804	1.7808832292974657	1.6886975404951454	1.8013839203347743	1.800471018483266
2.0602864038952666	1.9996628155014233	1.8595934740966276	2.0197967705327584	2.023463315305359
2.0656051528100834	2.060698995386846	1.8307972798321661	2.0398667727122373	2.036308333160023
2.0926749774251014	2.0942916976956747	1.8768415030688403	2.072562640678691	2.0710797922832334
2.083811600079228	2.089152241929701	1.822140558167355	2.05830121109707	2.0603654875279216
1.7182516012039373	1.6819374543713521	1.47221166632994	1.6808229857995125	1.6627785432749473
1.5027512941273453	1.4642241375007066	1.2605157687482829	1.463553266683347	1.4473554788378566
1.2544343831697313	1.2189291858555558	1.0630167402371484	1.2210569176863508	1.2021892374799568
1.341042885488385	1.3163850648416735	1.1715317053826932	1.3175323411061342	1.2997349201249657
1.3086479996974059	1.2913355750422162	1.1622876419645736	1.2932411838133786	1.2753001663305914
0.9009281556694285	0.9058057377432258	0.7922832159928942	0.8933009537121123	0.886029366398735
0.8477912698094889	0.851209997766614	0.7617568374093199	0.8437146718956499	0.8311289131012537
0.5019582957069055	0.5339648092675947	0.44684177865810837	0.5107671230715474	0.518971911060197
0.5467384150952829	0.5641661601749939	0.4606410325856302	0.5486706542583929	0.5551741727767262
0.3300050149444589	0.34544667591322264	0.25962610512945006	0.32957022627710986	0.3355638386582196
0.37036585753329887	0.38436741784812867	0.2952320630355663	0.369624942964584	0.3723968407899422
0.1036291977552432	0.1132591263996011	0.0790626029236264	0.1046085521731455	0.10437759056240961
0.0346371497222618	0.0410495355221248	0.025359402556782755	0.036041098511603205	0.03572525185679412
0.034736891022995646	0.03452764490504651	0.047804656380979846	0.03602656925014724	0.034692802194294596
0.06520496102824025	0.06872126189840733	0.07698684334060064	0.06769003466774076	0.06641229639818348
0.07679030188297786	0.07350906729182008	0.08952465401970945	0.07547291020197114	0.07452792425490769
0.10441708099902403	0.09249349342587417	0.10887627279333746	0.09695751100835609	0.09124844568191003
0.06402688997655304	0.0587058902035995	0.06451228798710505	0.06103159203676524	0.05843423711995745
0.06121671843428671	0.05305651564793189	0.0595496016105089	0.05709267720879669	0.05444796985712663
0.13355059915518486	0.12615824330197642	0.137368604722536	0.13150776015862423	0.13200921037625632
0.298512485386925	0.280085771445387	0.33583284566116367	0.3009706368266289	0.3108739866159153
0.28412298780594	0.26711798637713186	0.31418531766998276	0.28457997740895447	0.2938353485334403
0.24050269279081793	0.22823840298156428	0.2963498919107093	0.2473963245712673	0.2655396801567691
0.2349305686160318	0.23235497577636552	0.30530537156347104	0.24885969706877964	0.2537242043550884
0.34255404138805867	0.3466917208261065	0.4052116646719396	0.36022501439636057	0.36641881051557335
0.3180556761262677	0.3428354795662081	0.4422059528508111	0.35259872330194963	0.3632590532253457
0.25898117525195363	0.28449624798953915	0.4118291007140843	0.29585826248072317	0.3134975047871405
0.4258987924675919	0.4531435791972276	0.5946265533439239	0.46984030350772193	0.5016361853703941
0.2361519479210739	0.27382303935807084	0.36602105516724615	0.27431818514639134	0.3034929303471213
0.2558343436975277	0.29901459056624324	0.4048454691404241	0.2970052313107985	0.32771798133484553
0.29846207343450015	0.3047228127663671	0.410763141243942	0.3161457177090206	0.35461499728091683
0.28585119715672697	0.309733195573139	0.44087664180967695	0.31719847872076545	0.3553938599192335
0.3544289646219089	0.35559336369978867	0.48592465726850276	0.37365300719105965	0.4098281892440347
0.3544289646219089	0.35559336369978867	0.48592465726850276	0.37365300719105965	0.4098281892440347
0.31379595999722587	0.3181776220425776	0.4408852850286822	0.3283312603372444	0.35342954861588366
0.2767851162369037	0.2759048307414248	0.3654070229791908	0.28444596296430863	0.3040183387868132
0.2760635845340905	0.26726048843129896	0.3635194645838756	0.28128373413960456	0.3004019573918627
0.4276771981230632	0.41668742765100086	0.5138358041005953	0.43680642541111103	0.466294400309839
0.4540238944564747	0.42400878874410425	0.49477773841399325	0.4482362953652516	0.4872550332743549
0.6588797595848647	0.6393679379413318	0.7446875916907137	0.668229984764268	0.7131390510534302
0.7385738314964206	0.7195946706613825	0.859479429164777	0.7561846272550105	0.8114754827951289
0.8424340250634691	0.8306220934257352	0.9852135110829262	0.8658707494685336	0.9179055623787237
0.8883974296023588	0.895490523424333	0.9964532876492971	0.9128783954740344	0.9359067259752647
0.9454223917719538	0.9516256155686501	1.1145734270899106	0.9792805261799947	1.023500096787845
1.7989018895976439	1.8543151393334676	1.9861273976800884	1.8562660532420516	1.8974797716036857
2.9613370575566718	3.062518574236862	3.2852838541459404	3.065245858543395	3.1522348992743496
3.122382469626695	3.2603279975297723	3.4719870493623883	3.2478082360842038	3.322927950807553
3.122382469626695	3.2603279975297723	3.4719870493623883	3.2478082360842038	3.322927950807553
2.814661711034152	2.8669368727211553	3.194550997500116	2.9182141537373627	3.01363588672554
3.133681124541758	3.2218267307946786	3.5802403760578905	3.256818026944866	3.3521162257194663
3.3861407565978796	3.4391389197743814	3.670733811906042	3.472670005989227	3.5498295214101607
3.178280987005131	3.241565875443243	3.4483686345818145	3.2611263161546624	3.329129251949587
3.5209508623140575	3.6264238209703703	3.766899180991774	3.6200326686536557	3.656570359846927
3.5209508623140575	3.6264238209703703	3.766899180991774	3.6200326686536557	3.656570359846927
3.3912757459644918	3.477058638228118	3.6286703430891314	3.4893039064568137	3.571334669632266
3.2565833472940597	3.3567045169259564	3.527203690534013	3.363483629614075	3.4542461307372365
3.889966975384982	3.9836517014904325	4.200051163308625	4.010637804345061	4.125414070282473
4.074046666059679	4.139065238046955	4.4015029448645056	4.186919032506405	4.308345795226011
4.034106667657844	4.115763588341806	4.319527236499398	4.1523687904841005	4.282166837052902
4.058505711216994	4.103805188899493	4.39774785057571	4.173885286634254	4.293655785514394
4.250144203077525	4.310308910590988	4.611260466895094	4.374256554670043	4.486224308203057
5.56242073897023	5.656893431189635	5.846656122659992	5.680350451956896	5.6990556816879785
5.56242073897023	5.656893431189635	5.846656122659992	5.680350451956896	5.6990556816879785
5.792088502619734	5.8725115070980545	5.993878916548583	5.896219774524392	5.875179623925279
5.792088502619734	5.8725115070980545	5.993878916548583	5.896219774524392	5.875179623925279
7.03427690304212	7.151816234045505	7.473133601770852	7.199717143500956	7.278165506601918
7.405540879137486	7.455994567823117	7.906820521269013	7.548193078178669	7.637997974872643
7.649435126975945	7.692749417174225	8.074210757687629	7.781444026398271	7.8863149638786085
7.641223945378855	7.677757413259173	8.0821834361323	7.777773105250711	7.900625338105312
8.53826514873221	8.60046635415996	9.021931416104561	8.696885824168124	8.839227237468673
8.35457336559525	8.421547068699319	8.853762502116146	8.515498479592924	8.676269958290968
8.940699366551417	9.131822701167252	9.616561741803823	9.201295991366612	9.463800154295381
9.800843215907532	9.98696046731862	10.314002125884866	10.02710861064672	10.2379949675492
9.935864976840891	10.12455243152904	10.476955194193732	10.167997058787869	10.356802139069005
11.394733834532182	11.590422530084963	12.073247068929165	11.678302608380088	11.947817010129521
12.787678963658099	13.01198752802305	13.509332292318733	13.089686939697406	13.382846347772436
13.160231401932785	13.42395796200543	13.960489130474706	13.487257165264342	13.784511996625387
13.761645377927467	14.074511364214471	14.670407599493373	14.13334556485705	14.453085956910323
14.781294580649377	15.069365698298746	15.881879775049832	15.1648112069992	15.489505687285762
14.745714714569335	14.934643218412555	15.669718959823053	15.052488231747557	15.324305016667793
14.7866972071995	14.9617525367971	15.641293947725504	15.080209431096693	15.34304603222503
13.860902179637742	13.958682165825676	14.386577714297545	14.080068109323408	14.303405859563549
13.306963975578144	13.320525634413906	13.846037782710402	13.503438471834018	13.879027177811555
13.306963975578144	13.320525634413906	13.846037782710402	13.503438471834018	13.879027177811555
11.45658913781714	11.43622717700281	11.917544791487957	11.610930733646912	11.96005831760283
11.526985473591168	11.503193790256304	12.047032115149914	11.69191807132444	12.059377609365423
13.455737157722995	13.453572792068528	14.017385384057869	13.650186229021955	14.0559137753756
13.966654747427848	13.973757250992062	14.559464458098297	14.173867007191975	14.60806906665843
11.123669016318189	11.066911465449422	11.678780235902348	11.284705324913562	11.63791658210503
11.086361191267429	11.044653911254722	11.685141105790615	11.252418865214667	11.598628761202127
10.793308280135026	10.719330624717594	11.089379966676491	10.894805434995671	11.181282346921941
11.083494073995508	10.976596656835987	11.35846016744364	11.172495546235876	11.41122117151929
11.765093588599422	11.603949253160446	11.80413497174368	11.792550783770801	12.00149419610463
11.325138938765093	11.184028023195934	11.377110908342654	11.351336228016006	11.583804648198724
12.1351373570144	11.98667260960389	12.25222313855197	12.172580346647875	12.370176721929269
11.415987116216998	11.28985712243072	11.54630040382119	11.454569686841937	11.572913789130029
11.201802889631312	11.085913227954356	11.3268221274883	11.235332163233522	11.351088924571467
11.251047369595794	11.099820906379197	11.25118567396959	11.253016019542626	11.35863560370644
13.784171167024638	13.727493415751649	14.194104689345206	13.909875269868692	14.113079431407044
13.784171167024638	13.727493415751649	14.194104689345206	13.909875269868692	14.113079431407044
13.428574439606674	13.311386716986199	13.696868325648259	13.520704120307853	13.731242671836634
13.24580381054207	13.094038729607856	13.462476154876514	13.307339632831996	13.49981956986716
13.145179711305857	13.033725202279856	13.40275961294817	13.22678880938826	13.428513742984173
12.485418796390066	12.306981888726538	12.665098727296883	12.520120937282977	12.722318468171064
11.949711597868697	11.75667789054123	12.144265606246858	11.97425826459027	12.169042258843149
11.890607241522073	11.674180176093373	12.002586455657168	11.891607027948144	12.058023521138738
10.649107619636663	10.493353174334949	10.905742759785724	10.699797283493217	10.905242447599566
10.068714786472494	9.882034310199618	10.380346105758077	10.119798519307288	10.328783480832408
10.094470869333767	9.917249003149886	10.479190167685044	10.157313506671347	10.3514584091747
10.305645494385228	10.142438228487599	10.798213677368079	10.40738002220991	10.704133166487589
10.010388147799677	9.915137385307315	10.616432154376154	10.14973399997583	10.430912044048268
10.05912829821108	9.948346587423229	10.62004366466531	10.18497081580808	10.454430068579729
10.672118270596041	10.574091884859863	11.039511473409872	10.776662969533438	11.00573691018884
2.840044126965276	3.050732036189165	3.1529628827237666	2.999445261548386	3.1288813734890915
2.819473497651584	3.0266184808297742	3.1633774263207854	2.976056420029611	3.1296638637540113
2.9675480731165327	3.195010755999982	3.2594976376343783	3.112484114772503	3.2120100767199418
2.7927002721181293	2.9742010324179833	2.984228666651791	2.9036644164302907	2.9859616339155224
2.4548921874963265	2.62403552578102	2.672187038372532	2.561405946244551	2.6327665370402857
2.3946651893209507	2.529355290125266	2.586279580683961	2.4751199461157176	2.4939580813643074
3.024548333716983	3.2022587580999033	3.3488855120398995	3.138412963394723	3.184622328332225
3.3592658875107793	3.4907179572265306	3.672629653850127	3.4532930826632837	3.5054106547470134
3.289482746581709	3.383515466115884	3.535890024152213	3.3564324631292153	3.3990409382145503
4.196990468851875	4.306210508322805	4.5470442266546875	4.288433562404544	4.374761097957341
4.362117330521526	4.439861978281013	4.757856966299745	4.458430424290422	4.601466158461256
4.06323921414064	4.1466369530717335	4.49407817160425	4.166976080599436	4.316530335428352
3.567382784599502	3.596414852884445	3.9493828714512302	3.639263066264763	3.7859246436743414
3.567382784599502	3.596414852884445	3.9493828714512302	3.639263066264763	3.7859246436743414
3.567382784599502	3.596414852884445	3.9493828714512302	3.639263066264763	3.7859246436743414
3.6519723426016526	3.7024965705207444	4.0490170733302895	3.7401209872503216	3.883928940652188
3.613741305689807	3.690673936134165	4.04527040676088	3.7192776691348004	3.863809094234139
3.5709655609132063	3.62506433749364	4.016257254252102	3.6717151558841343	3.8193185091731374
3.710704971484095	3.775317665325324	4.128172039680611	3.8033520881616583	3.9404448019982348
3.8158724411278304	3.883632777374307	4.2370630592783005	3.9124763144949615	4.055946850622336
3.634923398376933	3.6585607475615283	4.096641368762086	3.717376723104096	3.888173676211607
3.482514535116711	3.4794160480305907	3.853130249863662	3.5365737337535865	3.6979223159730723
4.045791670734439	4.031256222324083	4.400815172689576	4.092887176120916	4.251174814970373
3.8516847075653176	3.819557392571732	4.183411405678766	3.8870423142208743	4.02543914343651
4.1313041992172215	4.058462746514196	4.450574157000686	4.149601611644974	4.288163539842047
4.335605797321857	4.280799362017341	4.6678886645462745	4.364183266458571	4.508162138958765
4.23608214943309	4.212944542762444	4.622079987122855	4.284598467985875	4.424074327750792
3.9754205746937257	3.932498998513721	4.327417981713863	4.015486981325867	4.152977276076923
4.3702046037786175	4.310775530694147	4.677160092908217	4.398368322124122	4.485010688810292
5.08858722394701	5.009215644448913	5.439697463662737	5.11605067434951	5.233223422382067
4.3756018327421415	4.3095497945984675	4.773848829054906	4.411599646277459	4.5329942145895075
5.076623659310389	4.974801657383852	5.3790099770411866	5.079336971064546	5.191802169822668
5.063676968726844	4.937644267427354	5.3122816454734005	5.051074013264665	5.163105146893849
6.32982429338662	6.198074301206896	6.68231068522323	6.331942065120869	6.446794194479006
6.134733477130856	6.03481072391717	6.5354728852708845	6.157285282776596	6.247138794782313
5.864625733207257	5.802053466191531	6.431508182991869	5.926817881610219	6.038462752707829
6.087945863622282	6.005381645160183	6.466484156879705	6.096412547423256	6.196012872300695
6.544819130248233	6.457193501731184	6.936747198507898	6.56383311610022	6.671178205832818
6.544819130248233	6.457193501731184	6.936747198507898	6.56383311610022	6.671178205832818
6.671536504226523	6.690001242450305	7.209136049430178	6.774119760629482	6.889638908739769
6.971048743648683	6.9828789163538385	7.468440471134818	7.063827303329399	7.171058773532344
7.259510803576513	7.286436246270426	7.565182802485008	7.335987060050535	7.350679774307076
7.050866669199657	7.114051901667197	7.328598649516364	7.136995580671592	7.141833815450249
7.404220331929844	7.497589246940119	7.662214261023801	7.4972967544911056	7.493431575870366
7.934718603857638	7.990129084755859	8.072251898275878	7.9795339693268605	7.964375701688589
7.934718603857638	7.990129084755859	8.072251898275878	7.9795339693268605	7.964375701688589
7.414584091653633	7.52031720890465	7.625202259749789	7.493939069536934	7.476710654641701
7.127514781635623	7.252021630872226	7.379621251657592	7.22015406119329	7.255205966388331
7.127514781635623	7.252021630872226	7.379621251657592	7.22015406119329	7.255205966388331
7.820764084663931	7.989895171720121	8.117053205538078	7.95472342345641	7.992795285783249
7.820764084663931	7.989895171720121	8.117053205538078	7.95472342345641	7.992795285783249
7.519080224705584	7.596944166742009	7.666922493521154	7.581615232717099	7.609767259773
7.519080224705584	7.596944166742009	7.666922493521154	7.581615232717099	7.609767259773
7.723758208364264	7.778932245998555	7.852052125331747	7.776571181917825	7.793562280385508
8.120546420965283	8.20282051878239	8.266997111823727	8.194933508000613	8.223381241224045
7.911199040384506	7.954037608479076	7.8807797493517375	7.939306632306303	7.938778000847891
8.596755615283156	8.651682854195375	8.622069900226087	8.639981017917469	8.656854611167288
9.891085146791685	9.870454867055292	9.593634662844934	9.856339298738801	9.764934351523781
8.973036868873615	8.905178631468358	8.588785688833779	8.909415243553639	8.836219113497867
8.973036868873615	8.905178631468358	8.588785688833779	8.909415243553639	8.836219113497867
10.221544494694097	10.14032293251065	9.975082281387674	10.183542307158643	10.113773680254148
10.930066985713559	10.891569591153132	10.659205684383734	10.881561753492658	10.758709252505623
12.174989225747373	12.153185937836957	12.005088418970477	12.18299462140385	12.054402444786287
11.747837159998024	11.67781242597123	11.637904702342107	11.757132948054096	11.654150397658762
11.747837159998024	11.67781242597123	11.637904702342107	11.757132948054096	11.654150397658762
12.844243706316965	12.952497126703351	13.19503076606171	12.988302870808402	12.91954974306693
13.456409094001968	13.555594412006105	13.759460200763208	13.568211204214322	13.44714484461759
13.456409094001968	13.555594412006105	13.759460200763208	13.568211204214322	13.44714484461759
14.74320707463116	14.83941237589367	14.836697955007967	14.835640390069484	14.651076665596213
15.391272826792031	15.426343806394184	15.451599692913906	15.463240621514103	15.27531144758422
16.61826742346016	16.641354979589924	16.333845542256103	16.61394474960606	16.328991955073917
16.340206211953124	16.301145769409143	15.925406338646042	16.286353574926252	15.93921759523618
17.118782856878934	17.288575964054893	17.13312233021757	17.23198098225477	16.892423328407638
17.118782856878934	17.288575964054893	17.13312233021757	17.23198098225477	16.892423328407638
16.98078650047623	17.234987928290977	17.11728240053764	17.1595056268425	16.877682353529572
15.394678776768886	15.504087859231625	15.549145347710642	15.529550316695321	15.285510318115843
15.795948766625367	15.909029835928742	15.90425873022874	15.929259485453025	15.669247184306094
16.058927769447607	16.18046519064382	16.167247214127162	16.193266817599508	15.9363600880668
16.053704943227597	15.945395092786264	16.025469913003075	16.092381266903192	15.90819978284049
14.269204716478482	14.070502737381867	14.255545580664492	14.282881032092071	14.173991566889981
14.529355195973972	14.342170580387723	14.610493041277902	14.5654056279498	14.492730333378502
16.71982794362683	16.655113632305344	16.973381738846566	16.82897016935935	16.719611721421124
16.71982794362683	16.655113632305344	16.973381738846566	16.82897016935935	16.719611721421124
16.20662258301887	16.134025950372894	16.603785862496036	16.335288287628025	16.273970435524863
15.969346502764026	15.900120154653749	16.43931319933647	16.10037503268012	16.056112179407062
16.83555264812481	16.84221353485969	17.546299181449665	17.046528720388075	17.08214577738914
16.447126608565767	16.511195647593805	17.137495760703928	16.68471603250203	16.723272331876764
16.56354584493651	16.659315306526636	17.250162312875936	16.821290947742607	16.862468387433914
16.689050414616613	16.72064607630586	17.407982076089375	16.925234416614707	16.990556012285552
16.689050414616613	16.72064607630586	17.407982076089375	16.925234416614707	16.990556012285552
15.95828193589227	16.02499767445173	16.65084947854573	16.20010708490308	16.26174205118833
16.713111518282666	16.929161039519887	17.47535251092366	17.02615692846742	17.14064867960967
16.15167795804187	16.361599105642597	16.88173894317657	16.45146936312445	16.556559745343968
15.578595026759082	15.77225416079392	16.26154161177099	15.866492106756787	15.971851638062946
16.505357691242242	16.776094122053046	17.415539450927582	16.877150991015988	17.048523452834115
16.22537061929638	16.46218442936235	17.07931030552015	16.576951495431718	16.70340065229762
16.22537061929638	16.46218442936235	17.07931030552015	16.576951495431718	16.70340065229762
14.441431076517754	14.652115565765644	15.222929671593427	14.753993673420862	14.806762240572969
15.420440595220489	15.696169329590136	16.037206676809898	15.715978535830107	15.701832521348006
15.332465936608754	15.640854419385189	16.02567294957191	15.654000291676233	15.620309867058246
15.36205980076065	15.668897254196468	16.03713651680611	15.679304911478132	15.652588026055994
14.760583170068207	15.033399086853349	15.283070086936444	15.040928875397348	14.993421639462362
15.376371591388967	15.686216828262157	15.963311966979264	15.684716851259786	15.667194404531088
15.376371591388967	15.686216828262157	15.963311966979264	15.684716851259786	15.667194404531088
14.99385978303589	15.295983624946293	15.534802705942873	15.291492443456313	15.271762653582792
14.686628360633717	14.980016247198018	15.118689309069758	14.941873214353818	14.911163942190349
14.24585206641163	14.52243972038496	14.602467765570227	14.481966423399092	14.467505405635963
14.24585206641163	14.52243972038496	14.602467765570227	14.481966423399092	14.467505405635963
12.27671479877938	12.591842258873799	12.45066836698352	12.46785892795032	12.488540297676646
11.661863513866361	11.956852078973396	11.898992427525235	11.866545642231326	11.876483909671062
11.282470048546031	11.596445525314659	11.596134574718057	11.495035871181454	11.539516161791477
10.290173773375448	10.55613161337006	10.479399117613339	10.448723362271128	10.437493474618643
10.670412446970575	10.980680151837703	10.927085449961575	10.856611926831432	10.847444350221327
5.109371430418209	5.0663259249339925	5.70583632209496	5.221095437768648	5.4650143254594905
4.941234923049875	4.914619850291774	5.705195186725733	5.079826877075441	5.369878421244602
4.844246267463313	4.798274470491536	5.619957141637446	4.978796587414657	5.304790887487189
4.994103823447932	4.965016759351291	5.621040795382119	5.110600188909441	5.378476577822371
4.777119482959141	4.787588697613028	5.48005204143132	4.920861757141077	5.187831751243943
4.677898413650452	4.69470495733656	5.343816856983761	4.8178856245095085	5.077886848116604
5.203422453416737	5.27729922211765	5.915398196483522	5.363255148582551	5.600514811403973
5.162362546749302	5.220786310564907	5.870212105999409	5.314940031245683	5.551176213904676
5.667301161957928	5.699784138425884	6.440999960307451	5.810986069381271	6.073344016383128
5.7131417748836	5.786743138256571	6.635926790987495	5.894365469151121	6.160711582702753
5.836009482320572	5.8981206960616595	6.76746163020771	6.021024700563773	6.292406987432041
6.078993358289637	6.175323123981288	7.026379525665696	6.279731451271758	6.548665634805249
6.5450195889382465	6.622009910231262	7.495307171694401	6.737754116076893	6.9912641333857195
6.301220238355391	6.41775085564012	7.382220146264377	6.52903335722588	6.796495471011583
6.549815349690187	6.717738743928206	7.678418292225082	6.8071358614544	7.045989998912248
6.15847684846488	6.286317906489843	7.33576127901101	6.3985709052606285	6.658861728167948
6.218503143597697	6.33163475797668	7.401568169691247	6.462449208504189	6.720005583775672
6.161714552125134	6.2590788825994155	7.2884991311687335	6.394225484003637	6.6415209240063335
5.878008092217883	5.961437587773366	7.003143769912042	6.0990270857925175	6.331121834563152
6.1531644089611675	6.191426319037221	7.392331873269919	6.37944355908093	6.672407952547434
6.250050185859618	6.248906464474156	7.37575297130489	6.445996845728308	6.706066697956809
6.366718495760502	6.382429308074448	7.506322248176681	6.569698100311998	6.835362718248214
6.217260749759549	6.219224078776588	7.321938075327613	6.410684287695339	6.676076019625778
5.614694987054885	5.627191751624784	6.694959213450864	5.810948856570771	6.053144885649615
4.997339775489878	5.039196571626802	6.1005813501338295	5.205626365459722	5.468760972150905
4.997339775489878	5.039196571626802	6.1005813501338295	5.205626365459722	5.468760972150905
5.266087295808424	5.333461097572144	6.473996861065381	5.4983788467626855	5.7825185258788
4.677041426082211	4.773601458604908	5.696132049052279	4.890425645902712	5.130462607952471
4.84561314066354	4.947669575423215	5.988964940066894	5.0983306603228735	5.352759904874759
4.84561314066354	4.947669575423215	5.988964940066894	5.0983306603228735	5.352759904874759
4.149469476136673	4.32217542249807	5.4769910189354105	4.439856765446941	4.687658602042079
4.149469476136673	4.32217542249807	5.4769910189354105	4.439856765446941	4.687658602042079
4.189751331545898	4.349173386098897	5.474700827348852	4.471135179353378	4.717282440684426
4.709786760144768	4.8055279631943	5.882544015493683	4.959457582408373	5.191260664933428
5.269763863915037	5.347894596221501	6.427533086123764	5.513728255174084	5.761925838592183
5.158741275625243	5.214808509831999	6.288185311558974	5.390186556778955	5.640959994568502
5.410903215472795	5.454569925634549	6.5523609557963365	5.646181384687436	5.911915231612219
5.410903215472795	5.454569925634549	6.5523609557963365	5.646181384687436	5.911915231612219
5.248096378514945	5.301842924752074	6.272504646771067	5.471483892670172	5.6979538199777
5.4584007209313015	5.48964192380449	6.436515676242273	5.665835980855136	5.890069729837245
5.542059637265236	5.5028869639217035	6.4721082076668655	5.717590503349193	5.979296214329433
5.478736627431026	5.428553468398708	6.4051217770889215	5.6467978717935905	5.909091647277744
5.391820032322763	5.249186677159365	6.048829350534015	5.476746604416246	5.68161668411083
5.390734690252349	5.274221731973031	6.113214474867745	5.487450429921442	5.69020656810965
4.981315432971252	4.87679935644993	5.708617535868384	5.076127436183742	5.268500414736134
4.299990956466742	4.16926323507159	4.816254118707341	4.345844060094168	4.515785478182627
4.21235787472468	4.070007270165648	4.587329492666634	4.237220696836144	4.402956441529165
3.901227979780043	3.7577895466586946	4.197515215154519	3.914885020861432	4.075310318345238
3.7676951097389564	3.6152608435750655	3.9642232287736663	3.7649009568167107	3.9080969276698494
3.7676951097389564	3.6152608435750655	3.9642232287736663	3.7649009568167107	3.9080969276698494
3.68513912061977	3.59054500223623	3.99687432764262	3.7265095833975033	3.835743535945808
3.604478244730329	3.5617328821499585	4.0724157416849724	3.688268829134646	3.784340826136159
3.6536018381748683	3.602973868816336	4.103379992686005	3.7363305436652414	3.8398860925969633
4.171568932591747	4.116571484346412	4.635838060550861	4.2568200945569075	4.3546262856587
4.147529091042353	4.06112424125779	4.566390030263396	4.215090453744037	4.357298384734217
4.401400644380352	4.312017551429093	4.7787356538729515	4.462585681689148	4.599974434644491
4.5961869614871125	4.544806190229556	4.978880259919583	4.676344935813658	4.7815204118980095
4.1172274280892225	4.056328016946718	4.441830672947853	4.177523664594052	4.298164183176691
3.4219907004767998	3.3987010835679414	3.8190771928760663	3.5080993833835556	3.6105520279664156
3.3439563867556643	3.3129023919647453	3.5637928957539944	3.401032540614667	3.4864364364867972
3.3220185163646354	3.2865507076484324	3.5334312569542243	3.377979564656758	3.4618592091599827
3.424577721497494	3.3831004749165174	3.4966246145578412	3.455354270307528	3.523505822566824
4.673971901240351	4.638829762557135	4.683561669576579	4.699891010350135	4.732149095307155
5.160294621993065	5.134776947997291	5.070300416921205	5.171689403496014	5.174330705433926
5.665912121973731	5.630298563752823	5.589512475981002	5.685366046727777	5.675959426369928
6.8623440197225944	6.818443492339446	6.683137781364737	6.87463940148751	6.843129535913598
6.002303201353084	5.972136717354525	5.86186265232871	6.031493766506651	6.001650913237219
6.421181970859403	6.409750505522298	6.377372279441423	6.481609806422615	6.462108583382881
6.433697219217176	6.46166904955578	6.34748827527805	6.5105909060178115	6.500425719891797
6.439665518970825	6.4307237382612925	6.351175458425713	6.4971478393696405	6.501157974351401
6.316990390019413	6.274605060551275	6.146322198535614	6.348772736016586	6.348680004607713
6.316990390019413	6.274605060551275	6.146322198535614	6.348772736016586	6.348680004607713
6.237969613255996	6.205193779006828	6.115325484336343	6.279244096675053	6.27477594070788
6.237969613255996	6.205193779006828	6.115325484336343	6.279244096675053	6.27477594070788
6.913179103448544	6.949696809341975	6.776674376336123	6.987124162580104	6.965325533209838
7.450689264040985	7.496293258098333	7.249631429108735	7.521575031680887	7.47825138398629
7.272035408050511	7.303858104218901	7.159363770585043	7.344402907130985	7.337613810616397
9.048904126285722	9.09437846168026	8.78536184211379	9.112202333711599	9.094835286837501
9.048904126285722	9.09437846168026	8.78536184211379	9.112202333711599	9.094835286837501
9.110172215506498	9.117097349120629	8.866842808525664	9.166656212680875	9.129255616702444
9.275934024740772	9.312674891297698	9.055372364368292	9.340968039295413	9.27864901690688
9.55463762738511	9.536632075163435	9.395773639532756	9.613358064098723	9.601387793547488
8.938127962197775	8.849791612373773	8.663508536794945	8.933962110087071	8.877991318459618
9.267506479892315	9.18135624197826	9.034291147513974	9.272041454316792	9.232059396368467
9.110126167182752	9.040497602462006	9.129520443481931	9.15220403677688	9.149055425503871
7.685172115849966	7.669592677437509	7.775314589942635	7.75312820548006	7.774905665562688
7.685172115849966	7.669592677437509	7.775314589942635	7.75312820548006	7.774905665562688
8.040840437879737	8.039578285709663	8.274768744424971	8.14311557883003	8.21073557651237
7.775082269644626	7.71800158768609	7.736448282869554	7.8038223472718125	7.815033070701335
7.7879539783155955	7.7376653938979265	7.7565232022817865	7.818156350372623	7.830255403507438
8.463492030517594	8.38975298412116	8.192763512790485	8.437685120676413	8.37782311075248
8.426374285430128	8.359036288462281	8.182197686147306	8.408822919425798	8.346891299012592
8.300105693026904	8.258101398405291	8.069934742233452	8.293136829244718	8.240043201070714
8.679651747112704	8.627252422669246	8.393085564584313	8.657484871676157	8.602982184553836
8.679651747112704	8.627252422669246	8.393085564584313	8.657484871676157	8.602982184553836
9.240154579204322	9.20890454113467	8.831265397572869	9.20480755508226	9.118426658041662
9.616494107528913	9.567757747604007	9.195496269680431	9.578308596363682	9.508860389538068
9.851288957034475	9.80650353366941	9.49684872789227	9.827744207569774	9.762856076690332
9.851288957034475	9.80650353366941	9.49684872789227	9.827744207569774	9.762856076690332
11.248529023415298	11.220887297771123	10.923012876722934	11.24052558954559	11.175154077601325
11.195560099557241	11.12229254105956	10.822551248305917	11.153363178812873	11.08096585835372
11.75358595960212	11.677587220522618	11.447873505191014	11.729911646227025	11.691512143432156
13.017429522705342	12.98615662118043	12.881666465107362	13.044816204510074	13.049646930954324
15.438926020551635	15.40648278087227	15.290602704349194	15.478679195726302	15.469842533018097
17.445992678086228	17.47399819889055	17.216246524389906	17.50351903487309	17.461494063703146
18.032808711113585	18.06713827908872	17.803298014952556	18.082322543989648	18.02762482698262
20.283773170163485	20.248144076242053	19.64607053063743	20.219187242651678	20.066768196294063
20.283773170163485	20.248144076242053	19.64607053063743	20.219187242651678	20.066768196294063
22.917378850013367	22.885714607689675	22.46047533889189	22.87320128889748	22.7686660872225
23.80536551466803	23.83805181616731	23.331539381629494	23.792901741866267	23.704244493916665
24.63046208211712	24.824369498412437	24.458453910390308	24.72226246879063	24.67575783032068
24.39802250274497	24.590121477386354	24.279471954435525	24.484746904897015	24.415057027682714
24.483086535969402	24.664993679576998	24.290046851933226	24.56217738244381	24.508611917705394
25.461576772996114	25.605530315592446	25.078738253208176	25.506266202442436	25.426104074431912
25.381350243978563	25.4726718577397	24.783295360585736	25.39691188074656	25.341254157206556
24.901725624078246	25.009829299766476	24.38800357276873	24.92457505819622	24.83039779127787
24.67228318455699	24.770552364889518	24.188580134163725	24.687344294382576	24.582019827634358
23.990715865345734	24.12603126871628	23.6884639748777	24.06175161139021	24.020958933507895
23.5741771916477	23.70564127551668	23.344171762513504	23.65716192436071	23.636124182709157
22.71991934323379	22.89796946015015	22.484029290613332	22.818591608570326	22.806971306182508
22.21528803832788	22.33607023464298	21.868630492559962	22.26522009889015	22.212914869396062
22.779150075471033	23.004807525014243	22.447943027799838	22.87691900441226	22.80523489399767
22.572788548331975	22.84502328394126	22.314204741029325	22.71143233382784	22.663708338899514
20.573439832278876	20.721459979407012	20.29978664138455	20.652074458067922	20.616758145053975
20.13095047491268	20.29033703430823	19.93151787606942	20.23298553105324	20.247913542036752
19.751953897145544	19.900667843912558	19.569072676007433	19.821814177872533	19.791858937013643
19.405592977590953	19.57418036398289	19.215011936698914	19.487241839558553	19.458736298332276
19.9511757672583	20.110027494554497	19.721281751150066	20.025191232244776	19.98033258788545
20.165782215592397	20.264558886221057	19.80597853363883	20.20526985138778	20.135121082784824
21.751743006392218	21.842997359939893	21.25084476088373	21.79653851503636	21.781002451841243
21.736480491188647	21.81598660684567	21.243456427436506	21.780206344227455	21.75880241060619
19.869022015522226	19.89543302151347	19.33704053512921	19.89699647355817	19.906901944123824
20.435288141699274	20.521721091540222	19.98960095196449	20.532191537986773	20.581211184486055
18.023892295701852	18.116261911876684	18.001417907015508	18.20071495075504	18.347413888512218
18.10301846745467	18.17625267973928	18.027084599828743	18.264066396091813	18.41401752732004
20.97945107438855	21.1938892317915	21.327454433751843	21.300322292198892	21.57143297591145
21.087601202453648	21.312457293087583	21.524479418236435	21.429065801090427	21.70854513540407
21.665812388425763	21.842859893397005	22.022956293100968	21.966119317024525	22.215927752557207
23.76006072270201	23.846783817872957	23.841029170483814	23.96878789018406	24.207656795714815
24.07304547152627	24.183915658781928	24.233066867243256	24.30568379490669	24.53601555412183
23.673963740908025	23.864075937679623	23.86353261333141	23.950218105969313	24.184787591908798
23.80742511159412	23.989573481752455	23.930810066729478	24.063110852310604	24.255122198524365
23.80742511159412	23.989573481752455	23.930810066729478	24.063110852310604	24.255122198524365
24.412245385328767	24.65887206795988	24.58488635481297	24.695940478852922	24.837179347431594
23.50252316659941	23.76181498491997	23.75996320073064	23.781583718445308	23.910330993247353
22.959197169084995	23.23386703376437	23.15384768374305	23.23017549394674	23.339454137902052
22.580668767161157	22.898474715117118	22.74857242419795	22.849489883635254	22.94433413591895
22.580668767161157	22.898474715117118	22.74857242419795	22.849489883635254	22.94433413591895
23.298830220855706	23.567067825145134	23.38113046249715	23.54413064920504	23.646207662303894
23.77237065900765	24.12710541819835	23.997090959832313	24.081045669474566	24.227927002005906
23.637330667386376	24.056470937683706	24.01153508115291	24.005531009010813	24.20575961044594
24.24112464673997	24.7508894603101	24.72636521341321	24.66141143801832	24.85049757369205
22.311711180963094	22.625553741157695	22.70036671449749	22.636795633903755	22.83444274921643
22.105874884014884	22.416751601509016	22.53717812244496	22.433211428641872	22.64409071716555
21.583168569952235	21.9714216786627	22.486944421351193	21.99960300501388	22.26744487445482
21.924059346387786	22.305565745933702	22.67536148358747	22.332474082706472	22.584949934744213
21.091083497936506	21.440418336654567	21.705453783561	21.452925762255212	21.68446892960929
20.441655554658652	20.795077506356055	20.996955112887125	20.797968372172743	21.00791604617817
