1.4346140252494166	5.8862424221503025	1.1343097263486874	0.11937335382414799	0.06543876605772128	0.8174920670094388
1.2832103862837836	6.015082972872708	0.9528452045004911	0.10455503811677852	0.16848439740100843	0.4092071716397304
1.2812651913685333	6.64189652879013	1.1177438283863141	0.05224593594268535	0.08884853742011235	0.43363777134215103
1.1621712691246382	6.178443696561578	1.0705264268057197	0.027273087621147118	0.0944719452776287	0.5188707240412065
1.1530755834106428	5.947630570942492	1.001306483485884	0.011715951067282588	0.057783856892651704	0.4109555676224799
1.2258984762564593	6.30169110365246	1.005944041463588	0.06460755815295946	0.055203471465133526	0.6060873106315976
1.2258729263241361	6.301691088761689	1.005922451346135	0.06460966263901177	0.0512427361737076	0.6060885664765966
1.4118148904187489	6.408880420268121	0.5790386907657441	0.1475979806044554	0.02667809088796727	0.6663416618345352
1.3881169825733453	6.690936777989159	0.5551644904152301	0.2648188023391996	0.15146340336721076	0.8916113287399218
1.3881388306572644	6.6909395685363195	0.5551766982938408	0.26481981778830355	0.1550512091907379	0.8916138046847414
1.387318583088008	6.569094432705061	0.5547154095304968	0.35446237021839466	0.19917685076750727	0.9441143951291953
1.1816365106878821	7.03348490022863	0.6350268949938541	0.3533413273406388	0.12107305882478218	0.6665597258928391
1.226898046835099	7.066399578322264	0.6462088846563314	0.3599051799214019	0.11860647184413001	0.7086625872144885
1.2797472695076004	7.086411496654261	0.7660552386291093	0.36908865174955674	0.008608524187833302	0.7039638556721016
1.2469891696133126	7.785027729404589	1.20755749170161	0.5862475619761489	0.0034310833894284675	0.903225473683784
1.1771843215644966	7.683534620997399	1.2125276612708507	0.4228082109053817	0.003912972421661271	0.8302195610215913
1.1437069345733084	7.641666355319976	1.2075822265075087	0.4561670548579203	0.003235927012805612	0.8603974549284162
1.2238781053241843	7.92194021958523	1.2943507268618042	0.5315203241356371	0.002783504416385367	1.1164035243363222
0.8982509042976573	9.370660791852272	1.9621537081632514	0.5585916586149505	0.0071919229983573975	1.1663700711246971
0.8609259429313385	9.416215121215801	1.963873913562319	0.4150933631490393	0.01091296336434342	0.9280821669085663
0.7813780450907218	9.43819959393976	1.7403312249176146	0.4726659606341226	0.01826561359617287	0.6991976725892871
0.8358925724357618	9.313576847133492	1.8951414778108886	0.7146717693061672	0.024037720758462083	0.7807129744612297
1.012003317655237	9.353414046868732	1.65089165464676	0.8828746065763668	0.0003024022762564729	1.186446067537886
1.0256922056048103	10.345049705129188	1.7971762199916557	1.0745589849926473	0.016191204515271167	1.640515597722222
1.0256820875273684	10.345050586877464	1.7971698541342216	1.074558093116742	0.01619061652384092	1.6405165406844135
0.9003645063956978	10.787199598224603	1.5906756607256147	1.0362869010260876	0.006212245345096844	1.3418376452901188
0.8356007610673236	9.691213409704114	1.3437811918689329	1.1522621710876864	0.0025817373814719397	1.168409978448744
0.8356024270784354	9.691214049817933	1.3437735267685915	1.1522633304232122	0.0025121774533940267	1.168408811353323
1.0149185605717925	10.581903591056095	1.6919846308048674	1.0295369233329312	0.006234812441943432	1.0983165459776796
0.8669157687472496	10.012198377328977	1.7604474288639598	1.2519702960215706	0.004462617557782163	1.3420626465663938
0.7796886965653503	9.637467595455508	1.7035458877879661	1.256516526091396	0.0074964209067514085	1.3409597919734961
0.8157935216893281	9.727591098124176	1.798974088439402	1.1906934392152069	0.00033063994797745427	0.8941626381351309
0.7805728580413096	10.195236749584929	1.8805662273329768	1.4112431660511247	0.00793519223095996	1.1642349139673736
0.8522326618408211	9.70069737860727	1.9224180845871603	1.5290497899720905	0.028331816940838313	1.1795921342736633
0.7253745631758517	9.306833946832848	1.6239416871075445	1.5867413887998054	0.005660461491687023	1.1551285731022796
0.7253812930415573	9.306836556603189	1.6239385697901747	1.586738349968187	0.005764357014770319	1.1551277113223277
0.9554184314622245	9.649532436649638	1.870503175923661	1.4073748005910345	0.0025520471864837876	0.6471990407262321
0.8040579487136523	9.658856198959924	1.7432795753059775	1.4755208609729085	0.0037787202525760163	0.5501451584874257
0.7108336553623514	8.243249285934048	2.1799471970382656	1.1849687697057654	0.02453365402677505	0.5240840112058056
0.7704166173387897	8.498586329697147	2.039297293722235	1.1873037604846919	0.015366870413911198	0.5538831034260895
0.5825125829020575	8.07443031937894	2.1639631811435907	1.0235989415053484	0.17801204411629365	0.4861982552053107
0.5205785942442206	7.29256307152411	2.530498808756006	0.8134418119361934	0.2900643611547941	0.9227279500347141
0.5206079777515494	7.2925635707482614	2.5305777821232427	0.8134561528127578	0.29001223378747476	0.9227258609497089
0.3763985451543858	6.353060057093097	2.3752672329008226	0.7763733622960604	0.10853925290056121	0.5941032348654205
0.44421964354865234	6.316117126960385	2.403410994846241	0.8075965964183238	0.1180637744127775	0.5347708003393906
0.3573081304250315	6.977558044910733	2.894226112979364	0.7562307455878567	0.1719173469901292	0.47626397972490814
0.5516655804194479	7.453401007874371	3.6125195213429864	0.6105824183175914	0.15360060388285304	0.6255586121350659
0.556166535177781	7.650152075893038	3.4273153881402503	0.45289486994802364	0.19196034414274127	0.37746041660082447
0.6960491756732587	7.78034425742042	3.5026473322904192	0.5577277727602404	0.33128767534067716	0.3954340517596929
0.9911914577880658	7.622593708049565	4.012995123151311	0.26161063832746223	0.8718601797003211	0.325260481906461
1.0908175581642987	7.6502594211265595	4.166073320383893	0.24378744350050258	0.829012960219767	0.3625893469282302
1.302434537508922	7.888615726460874	5.071457934294356	0.14846002039524786	1.1011301519935537	0.23280191790095364
1.1159921537610542	7.41390271090846	4.660416454389205	0.11605751817804327	1.1364293298664887	0.061817770580850986
1.0866451127677892	7.242479510497477	5.304148758339459	0.09746850262141021	0.8945768083415055	0.0704487013105437
0.9139628476091959	6.5664143443768035	5.350665126985285	0.05047084580612533	0.980327504362853	0.09571457558612798
0.8778131504254162	6.407706683084652	5.013768306054866	0.04563478335457883	0.8399742174990683	0.1982656570049919
0.9337311978624523	6.488168371718584	5.073306841575615	0.04684483595060348	0.8483427191709599	0.21169208782781762
0.7956980870695795	6.886384239333359	5.823625439447845	0.05004345887466426	0.8082945317857912	0.1976904488946189
0.8508579155748663	6.951870461448468	5.960377584976017	0.06475463012394694	0.7548302157444821	0.1720239009768009
0.9556333327056642	7.012109837086781	6.258486403433218	0.03028888999168294	0.7676554817910971	0.19883613160239258
1.3521984326226186	7.432152667434698	6.5447853321266125	0.010156581312781653	0.9107943695939558	0.23086683782564635
1.1859454718010647	7.40009463333574	5.185633361438877	0.002685574892639163	0.633878285731927	0.29165356351359606
1.1859497186422503	7.400076308898088	5.18566389815309	0.002686352042842231	0.6338728878383719	0.29165136738847663
1.2627096126796773	6.486152642849981	5.218137790643055	0.14263424723220633	0.8021035425635485	0.10233888251033936
1.5991735178861533	7.016959121888223	5.782640639564488	0.12990018071153286	0.7214119116923436	0.13605528274438114
1.3640407756211779	5.876099021792545	4.467329798477815	0.18491550646376187	0.9857176194706703	0.04258599401802731
1.9091651601961224	5.953208893210986	5.012826031596156	0.14632012761556495	0.7702877521603417	0.027194972082075657
1.9091798883197628	5.953211151740862	5.012840237782545	0.1463208411209699	0.7702862547135478	0.02719620511727696
1.3639815692681594	6.460979366097735	4.997402195882909	0.06140808289104893	1.0009701094385575	0.040103572591915417
0.9229578955357524	6.706048042989448	4.61234069025271	0.1556542785497006	0.8282956351082651	0.0019360309096200417
1.1175712597269387	6.240531778100074	4.247975093048789	0.29006168736303395	0.8977095090477045	3.348179140255597e-5
1.3591833163072538	5.960799364427801	4.645791805441621	0.2890184233630349	0.844405262758648	0.012414558469716706
1.35921355558313	5.960793729587267	4.6458330576337525	0.28900932191191087	0.8443906349463195	0.012414491632769396
2.0791330010119755	6.216920791866518	4.941559810681534	0.16297629714821632	0.4778915280395274	0.02088678374568694
2.17771880905267	6.085133935224579	5.125754039363871	0.24328517200148764	0.5348146107944939	0.015206175795777684
1.7804599285275842	6.3367752127319195	4.646181644952295	0.3640379348352577	0.5156904758653256	0.03934671869618946
1.7430256231011974	6.410520096963737	5.315235396913646	0.7303888313163583	0.4133593801660811	0.0007341543406113223
1.8338036506094009	6.484454185630779	4.9022307175479165	0.39861341898845787	0.37553725462814924	0.045234738697956196
1.8337306879879494	6.484483938263307	4.902136598986453	0.39862767864945564	0.3754582962030073	0.04523497598938946
1.983534956762312	6.561622378867097	5.083337667569467	0.4739008007159624	0.42753832235658695	0.12426222087341278
2.1312821650049147	6.412263968024884	4.999286315039031	0.48619822912036686	0.4644484485392194	0.21244235417741436
1.8010579223328615	6.482021498956514	5.045472273598825	0.38157674469712066	0.4563303164859235	0.24589051980596624
1.8010167383407338	6.482021742513009	5.045427778166956	0.3815455439038992	0.45634515701103034	0.2458911957260401
2.2984290141570125	7.082522429528468	5.782781198525484	0.3599791770574613	0.5301617338484949	0.32705408707917843
3.1598990763763077	8.374283085877837	6.855050390406962	0.30428151086040234	0.6359901950584568	0.5284774743460903
3.3981324416845373	8.53311065747284	6.924882405599047	0.29676887005517777	0.6100451414384097	0.5420221100060176
3.652906424848888	8.735884949714176	7.0727976714589	0.2827806880169776	0.631483482947158	0.7611745597059516
4.227461513455629	8.851001165816003	7.083420479558345	0.3073262874396478	0.2656892923785358	0.6769114302739471
4.674239216774481	8.30166751595669	7.590957772420555	0.27650770373025974	0.3966071658767004	1.0811934991075642
4.703023007305714	8.391181666278149	7.79975802436096	0.20935323186527413	0.4233928758176188	1.0706169558270038
4.90041222837838	8.387715139208813	8.07948886863234	0.1958628956873708	0.48146850789852447	1.0283544402877998
5.875666864344549	8.886400493262208	9.015555966704175	0.22844817271521925	0.3897461290967318	0.9032870608980328
6.997956077135355	9.431597795838627	8.104496471316589	0.3335666664951634	0.7362490811883532	0.7524742175255545
6.641522536537109	8.779508996776176	8.406728748310003	0.29986732663351967	0.6895284622946601	0.6695174267362061
6.722177736619337	7.490728752376039	6.829443793131764	0.30477108690178056	0.9563202158250296	0.5386731364633981
7.104415630989903	7.393216614047882	9.168719908264455	0.39321084637505554	0.8799644362936673	0.6394465801404833
7.067355932222702	8.090176072937037	9.817743181397805	0.4754017651762297	0.8903497844674648	0.6849561074933032
8.608641382172506	9.23554982052361	10.433338591175506	0.4359551906835367	1.0114059793708012	1.0199068547588999
8.608629272851482	9.235540623310307	10.433340853917713	0.4359468870378004	1.0113795958713225	1.0199047596906083
8.699428655093747	9.312612391279595	11.029047491198225	0.5186394470627408	1.0613211000551355	1.0713076427821204
8.699377878959206	9.312607154444935	11.029013006628901	0.5186072137044268	1.0613068374652483	1.0713083923788618
10.469504648549933	9.137741048576562	12.851482873377106	0.2072890483414521	0.9322499257458711	0.7321589519667375
10.469438919100027	9.137744282886128	12.851434754462286	0.20728756943383983	0.9322413414332829	0.7321599142814413
11.196964586823139	8.942340876355278	14.069738162648251	0.2347906086262337	0.698842124168582	0.8607423075730577
12.02176439657396	9.632590219823058	13.983198012781639	0.1336710034243981	0.5619973096236047	0.982632827056225
12.145468964992627	10.181558885056429	14.482618863961372	0.162367575844112	0.6036391004734075	1.1442494917014023
11.771348132735955	10.438683189930945	15.450447183872575	0.37136599875194226	0.6706479056771014	1.0934461146223375
11.632197321778705	10.56089005173583	15.952006557622136	0.401233985478581	0.6406609036554044	1.131485010087336
12.208674824577859	10.642722907899708	16.352498976731088	0.32785335016489575	0.5647406048790367	1.2405194245289033
12.527818425937367	11.225478343975904	16.930563680543926	0.30097003426970037	0.5478496691699347	1.2558705649674762
15.949756999396584	11.403359143541577	19.08555544853518	0.16847617128204082	0.6331752328494147	1.8007148968761049
15.949813555042132	11.403366228461138	19.085590940997506	0.16847729754833687	0.633197703485668	1.8007154967116612
16.729239691686377	11.482801031951125	19.185540079560674	0.2019728850347376	0.5345490405354034	1.8439362852095453
18.005677954702314	11.477478881039275	19.688644758190897	0.29361565318968824	0.4677879436483293	2.1044598063738444
18.30936948660408	11.384820070205306	19.43099498732064	0.26985070029045416	0.39418162018659636	2.222287361222941
18.722070319846456	11.542158607005867	18.935502064065012	0.40325236369732514	0.42137038687389655	2.7173207046665535
20.260820186995186	12.700795321800642	19.634134149077003	0.3152128079952849	0.17248872518170813	2.8378193253479047
19.590413674106586	12.557495263406475	19.51148850367971	0.31330187156762546	0.17565899482959485	2.848763800458363
20.263760655735783	12.685956566751871	19.696338066821696	0.3392919372307677	0.17462302901682125	2.9653939089126986
21.435208591929985	12.276641197177158	19.869116641185222	0.15708634978120342	0.15849097268087997	2.840914068159384
23.896301770626327	12.7513157317606	21.71465362887971	0.1885329554803701	0.09037162941774576	2.91881740044583
22.328503847216137	12.19092636765541	22.337412386425786	0.20497768676254635	0.14182523104580574	2.426289634964239
21.772621345561372	11.925715415503822	21.718094868739488	0.2377266445150532	0.18048901282325755	2.1083991187863806
21.817462640764163	12.138727240685608	21.221074897296905	0.186562539485558	0.1393823380215196	2.1533467794090355
21.817345409792562	12.138728396970192	21.220988456992455	0.18655853711398163	0.13940627303701572	2.1533488106675716
22.83287962313056	12.163691164734002	22.116396213031685	0.140254591656155	0.06347037515384762	2.6942409794497126
22.369936117031703	12.051922284470363	23.029240786893713	0.22474035456994312	0.06467153501646436	2.789028055397378
21.894359621315942	12.045147304108776	24.221232645802374	0.266603670510242	0.028931792461536963	3.7169211998422322
21.894498278763123	12.045141712838216	24.221366903777543	0.2665918956254149	0.028926602539712836	3.7169192416081884
21.87736231073379	12.163329808505928	24.586293658845687	0.2776887175509722	0.01315713971169218	3.7110213675182306
22.498448106513035	10.567561815081756	25.61655706907105	0.33253277591322167	0.0005746343873603203	3.99516434978935
21.953975585154623	10.865491747854186	24.62081785961198	0.26969331347241543	0.1443828581485077	4.234542332783461
21.24967271432182	10.345416395774901	23.475413693611515	0.252853815383393	0.14783411079134148	3.7038107154733018
19.80133655639604	9.953351754627034	21.841326570897824	0.24752241834582211	0.20826681592260743	3.236856560324
19.94738581343873	10.124761060345831	21.729763825881644	0.22726553879049277	0.22566448457910251	2.8074636438088936
19.838994182984056	10.189896575828401	21.494074520609658	0.407814538801252	0.20328094199496025	2.4335853341591016
17.430979961880084	9.203001821672741	20.67040860484706	0.5475618029521462	0.1383742551517351	2.8679564881146806
17.162878643842767	9.052842636972363	20.005360827760015	0.4756201153768152	0.12517192622227502	2.9489493006480707
15.253229042959301	8.142989540413437	18.82990864185109	0.5487351714416685	0.3428746958790544	3.046311254352907
16.050108877923112	8.00601886586367	17.797158845706967	0.3178172109494283	0.6371126226627598	3.5395020315494925
15.568849253897444	6.791413163381926	16.762958471744533	0.3697602258405876	0.5999818557139979	3.240806638112788
14.988216833067515	6.180787891009328	15.706290482326807	0.19566132649613927	0.6975855954903538	3.5969576992714036
14.671628817899293	6.756288110618646	14.816408793837242	0.14345137079701129	0.8744226218899648	3.434626452260126
13.706542546878495	6.321243338837417	14.337615790296363	0.18204533223074337	0.8251399728560461	3.1909990068990237
14.583736289433123	6.031813718223858	14.769607728134947	0.22135191628041753	0.6362195333525394	2.4474843999383324
15.343005192838696	6.378274332912851	14.77172408335723	0.08032967881774522	0.8154049054584533	3.1040315247234203
15.754275693479125	6.17591645980688	14.936816255596238	0.11448859387791528	0.9572414488889188	3.0040201258205967
15.53813213680032	5.792167118336361	13.779264373389353	0.13955651952455078	0.9028289769416724	2.779475758110164
14.057813971647791	5.347376082108197	13.64324868179739	0.09471300817385662	1.0448093507805334	3.0115443531617503
14.057863173067808	5.347377725829884	13.643281412778647	0.09471450174778802	1.0453963824762393	3.0115457963815566
13.165805554432675	4.807979935037633	14.763251816585074	0.16584167198659489	1.203529183014832	2.2817922199130494
14.024900229186645	5.192534049677102	14.60878286947956	0.22445320588693632	1.5174807751290997	2.1478415145295164
13.933369268564991	5.372592736198157	14.223629230807305	0.2236549163687016	1.3887836969022074	1.9493336107527262
13.501331535363958	5.172722607749268	14.77428883727768	0.303801201660338	1.5096647007088668	1.7675638265940392
14.443165893454266	5.399161993232172	15.172940297694366	0.23914958679736734	1.1939204730609565	1.7092900289784059
15.068888134799389	5.275391814229474	15.273310944460942	0.1582995394365196	1.9993969989037366	1.994766546336094
14.720114336978215	4.689851540533934	15.49217539925054	0.21055211040098054	1.91134198041551	1.4379079145744245
14.236046290788734	4.59838944302833	15.770842438882774	0.23050501535725873	1.9057788561705133	1.379421784091141
14.466541529912558	4.8287154519903455	15.929962856830095	0.26846486132623926	2.0571364108546195	1.2781217967220786
13.510577996534376	3.4408844668307648	14.248898685760638	0.3082178061102183	2.0006625621402505	1.0377589571132473
13.510577996534376	3.4408844668307648	14.248898685760638	0.3082178061102183	2.0006625621402505	1.0377589571132473
15.188875321539632	3.4546442400153077	14.5402840134742	0.4322644827379186	1.2095404159206329	0.9186621208405072
14.921324272208235	3.470745169229807	14.962040690557997	0.36322826244167333	0.8615541806799483	0.7173269829165277
15.844296808903225	2.59299386607457	13.945181788202525	0.27434976541748657	0.5649268657363481	0.6069785539702782
15.071027947874828	2.028054258291022	13.182955138136077	0.21989829279056922	0.3270098689097551	0.48629215419874816
14.69951790856193	1.8863877370685238	12.950151163336301	0.290585656163787	0.42093440420781575	0.40458006689158116
14.731501630100245	2.0671528124307454	13.043206435139133	0.4427545236483462	0.45708722979918154	0.45228735540581666
15.016461298471263	1.991148778417201	12.987358136656553	0.5296138294838041	0.4228379981347334	0.3536407304982632
12.928380940582276	1.5176125066715223	10.331501194734303	0.5618017957555027	0.209908625005871	0.34874265627391127
13.14908294438404	1.5724704913584189	10.38093558730366	0.650286556644114	0.1555342194312411	0.2553026448982132
11.944553352777964	1.5195197414794264	11.168654564016908	0.5859226830287576	0.2840174636570638	0.5170526900860272
11.844266633088816	1.6257568837824459	11.491088248213474	0.5614421512495756	0.31657150788601707	0.4790012709169952
10.640308689384634	1.5256802195053945	12.089224279469038	0.3399117127153814	0.3003726138625574	0.7873544225679994
0.4472468715233849	0.4905471212977179	0.872917108559372	0.29689724972132786	0.008702679490364934	1.030739680332016
0.6023377588101089	0.5412076774848128	1.1684681033006277	0.4073958404592031	4.7258975737380915e-5	1.0205528053610162
0.8602382112971433	0.676631230719667	2.0102101063806552	0.2703269226256125	0.02901765749911179	0.8371787261723577
0.8916805550384442	0.10476100969032187	1.6907947291717116	0.3392839443770166	0.0001345822841068551	0.8809338665334541
1.2131237583762609	0.07661358883891145	1.7653778126460602	0.2178928434515874	0.0003534411461324443	0.7432424378360386
1.3692910434496925	0.018691483295765796	1.6328336912545824	0.20770418186303652	0.008404618590120833	0.7720148788317677
1.3574085712773323	0.009680910000447714	1.9083886794836535	0.2270857566304944	0.08304690855995528	0.4428757364005239
1.130100839435806	0.05442138149388419	2.1187090033643727	0.34372061921205627	0.16113481004769895	0.40809030987736494
1.1332954796133945	0.06803337079035783	1.8999237726118534	0.36662622912251236	0.19682658235153988	0.4737935419394559
1.404102100914138	0.06092919476615373	2.028814710372313	0.4127227264695836	0.18509639216345308	0.5158386036310267
2.2253051886236612	0.11200796578504847	2.1722030226279103	0.13342869347941766	0.13507545843755725	0.8840116742047601
1.825565431300193	0.12195757555485738	1.9875614948257843	0.18970828392307484	0.27271193463070537	0.8711487288258034
2.417987482245572	0.3025892923370385	1.8564966258350026	0.32135057209917106	0.026091650314025053	0.6573562411666987
2.6530318198620506	0.31583230431968107	1.550263067982391	0.3537345920220519	0.00019789982910332367	0.5039939684954864
2.796286473793476	0.3036678580625334	1.6139172072237007	0.3837505450359708	0.014747880523911027	0.5262300348217847
2.22632348599292	0.05907541646735512	1.1396736628317998	0.17599147806689303	0.042907276088178736	0.5310317283723004
2.5079072433275913	0.06597299798506089	0.9585777085746472	0.18087173430847955	0.0313515048281119	0.45861172847351656
2.152711982702826	0.18404981076696478	1.2000910564133467	0.16571814500748033	0.024952350281803367	0.4178113978789109
2.0828361982784185	0.27494941543608653	1.4368560386978095	0.21351422560174874	0.016066222810038396	0.4206827829050303
2.2431717747296513	0.2722212610366236	1.4472533071813858	0.21346301504694817	0.015587128404851927	0.6235575089362013
2.377889887475766	0.3547717089825846	1.487918421718963	0.08877199404455643	0.012500088769176052	0.7249927277174709
3.1278704401567063	0.4383639930896907	1.3351096050277809	0.3178543628243562	0.016618633187243933	0.5089237114875708
3.131200629383194	0.43873954315140573	1.1607026730343317	0.35285670055946117	0.0403532608990413	0.4936110273081765
3.0634262739215066	0.30718714320517015	1.1147520011501113	0.38165795957027726	0.07375840887786593	0.5267823806890191
3.0634132152482167	0.30718707583698796	1.1147478627891187	0.38166165944186264	0.07373943747146686	0.5267829526244618
2.992652127390413	0.34925168956676433	1.1779940100928687	0.46062855773629624	0.06587306034300873	0.41159978534987585
3.10705979041987	0.4343483229496639	1.134415639143862	0.4702099225847962	0.06556899762226333	0.4234460951953108
3.0881262611968636	0.4492377227308587	1.0907114673369562	0.48453613342011415	0.09408266268468662	0.362632826931041
2.0141283182782908	0.5964252991989485	0.8397182778592849	0.4170058102509673	0.08863423826237993	0.274200085618811
2.6869891612137025	0.638751466291696	0.852925753000225	0.3940357928604612	0.09070030292826099	0.17484094570075712
2.6869929988568924	0.6387394696642331	0.8529324187103875	0.394036411424843	0.09072155803382213	0.1748403408177411
3.1028334869079144	0.5392340283506627	0.8206475878562083	0.39401958383755287	0.12980009527230213	0.1736777017197812
3.062887232354759	0.680341303928918	1.1519667872008277	0.5250955737524258	0.22091297073871669	0.16966731663794812
3.8459608172394306	1.0199110794473512	2.2126536252701916	0.7332000968180188	0.05734026769757289	0.09786882642151269
5.591566223087067	1.1494798509331459	3.1760466299919448	0.8398862949265428	0.035557415528116386	0.00723230588968354
5.457252739760435	1.0062635258161958	3.645737693822861	0.9138932644111833	0.0003171583462488595	0.00046949921163537997
5.905008452531423	0.9995148329887344	4.586156934736827	0.9032756322404513	0.0034820789009691057	0.0018932754522423593
5.39550609142594	1.2760890025287859	4.538404645971855	1.441108669685182	0.0039067919296288806	0.12613985839775269
5.42335280690179	1.2023270152996048	4.998222302234558	1.5248625431328613	0.00251271619247009	0.1129970565754748
5.222882043414497	0.6735958139216727	4.56129181171033	1.7969715740423036	0.006046331015746105	0.23751693197805798
5.827130903905517	0.7827310862813173	5.53245756465789	2.0098125474712085	0.027774396276716774	0.2989586619776265
5.995292146309213	1.0976833320682002	5.873676000936275	2.2265956024105256	0.016198760651484397	0.4682255457152952
7.460614326271772	1.2124120324589602	5.7126338988469545	1.97257318102467	0.0018875141960986732	0.6876941317696853
7.460585845086437	1.212409425346547	5.712633575940671	1.9725531004573482	0.0018668489291810135	0.687694517098771
6.8064857451801055	0.9678216021061756	5.572053746350342	2.1854297046301343	0.004963981658829917	0.6638842684197391
6.68700124558158	0.9550425967173155	5.371466485920482	2.321718033837362	0.0007380690653684436	0.673500942234319
6.720677749707938	1.392686639478866	5.552915499320855	2.425094173429131	0.010036609627304516	0.3699956135928126
6.87598237320926	1.6775088020226463	5.806511559641658	2.8615714744122527	0.0013049445665329997	0.4513770246313255
8.331335029369555	1.4762673879741122	5.983532187777707	3.0072049202326	0.004574885268517139	0.46232337622811326
8.918909194482511	0.8494621982243216	5.765573738798853	2.61519531579942	0.02021601760947152	0.5106233838057677
9.35574136403245	0.8917738893310736	5.893486656435205	2.2350909185210996	0.05658643246702951	0.2810422078989212
9.348685913367472	0.9064214702094994	6.150388026610869	2.4741149978260295	0.05741007792109396	0.2850409356267393
9.633453276297788	0.8882422539761783	6.001262692024746	2.4729025460939145	0.04175870815962876	0.33822213322083716
9.633453276297788	0.8882422539761783	6.001262692024746	2.4729025460939145	0.04175870815962876	0.33822213322083716
10.320810702341365	1.2822647331773684	6.096086599974494	3.1652595683980587	0.039442725958978145	0.7053069997501831
10.969437153908034	1.351835565518289	6.3086346262925685	3.4808250341443068	0.04111383932938713	0.8029852159282515
10.555302799160545	0.9440690672264367	5.704224023421657	3.58822359383764	0.05144218046647207	0.8143570846757432
10.667671346222562	1.1375194674824536	6.22834584901996	3.56798290817385	0.1010043475844898	1.0929017240346321
11.334293388604825	1.2730586004866817	6.672722321784824	4.040400406815911	0.07318287914003423	1.0504469618183045
11.737689337397462	1.180329231262137	6.881298583396744	4.27510976080021	0.05894350877777323	1.0713880866769179
11.737689337397462	1.180329231262137	6.881298583396744	4.27510976080021	0.05894350877777323	1.0713880866769179
11.032534917897934	1.6087343827690284	7.415813715761094	5.461063347265835	0.04328802241552988	0.9316887759682745
10.990600010699355	1.7064750808618632	8.125470521927994	5.442661092117543	0.005985785421257578	0.77038288156127
11.018103145190384	1.7110176249484677	8.36028342172759	6.314184750921504	0.029325535716138825	0.6153636451801425
10.68098389766246	1.953036705718473	9.492460083048853	6.432851463459688	0.006607317535942731	0.5388839211711339
12.070133417520116	2.131322345778956	10.792304496390713	6.893790034623097	0.009570949084891011	0.65632946691635
11.13685040634744	1.7500285844354646	10.56411550232496	7.00895552811664	0.008869300999971783	0.7746026161800598
10.394819709462002	1.8711025250129665	10.156456359410255	7.33545368832297	0.0034912800211289465	0.9778067097748545
10.394819709462002	1.8711025250129665	10.156456359410255	7.33545368832297	0.0034912800211289465	0.9778067097748545
10.095901816792438	1.6368308245042549	9.719611427473602	8.01377834229067	0.00013730203179503954	1.3042503859193422
9.79451436922788	2.053800165000503	9.724257946049768	7.920007461255936	0.08066822971529407	1.2320352770189185
9.79451436922788	2.053800165000503	9.724257946049768	7.920007461255936	0.08066822971529407	1.2320352770189185
9.815838712571836	2.392417287117301	9.59656467677432	7.909508077592731	0.0007020147033983405	1.2969279702018761
9.533928484580448	2.725241067058377	10.897713873992615	8.364078955909667	0.03154911671541524	1.4155810195528213
9.533928484580448	2.725241067058377	10.897713873992615	8.364078955909667	0.03154911671541524	1.4155810195528213
10.619418755844436	2.768090512546192	10.68986727467139	9.345972163571183	0.08532838379439556	1.4271226407514317
10.61544127173216	3.1923491393178245	10.471765412342581	9.180879247122066	0.05749834162185939	1.3898425829529524
10.802751017419078	2.9277265833924058	9.900707000370637	9.849923434214913	0.04941149305450989	1.2323834180215294
9.827196090076999	3.9151542444916143	8.638739659828687	10.942390191115269	0.10733742365784385	1.852078336864305
9.291901319194881	4.662612398525717	9.9340831925682	11.610047030059432	0.23993981537782602	1.9966926622063494
9.291901319194881	4.662612398525717	9.9340831925682	11.610047030059432	0.23993981537782602	1.9966926622063494
9.860606231778648	5.24881528997284	10.164922751640546	11.342813484968554	0.23185541949585342	1.8047356721762315
9.860606231778648	5.24881528997284	10.164922751640546	11.342813484968554	0.23185541949585342	1.8047356721762315
8.48446994039238	7.230018824959199	11.345261523085862	10.916165151860781	0.09886811620776813	1.6750459592960953
8.256038162035797	7.1754508326475595	12.217775440024537	11.575579278013885	0.06559669764996458	1.6853067681027614
8.067160088003396	7.1224537592110115	13.176694392448844	11.543245681345978	0.04271004783516415	1.6991585328998913
8.067160088003396	7.1224537592110115	13.176694392448844	11.543245681345978	0.04271004783516415	1.6991585328998913
7.973394324129992	6.541093123862609	13.02652043549962	11.748603992406883	0.07715452188933251	1.6397061830091322
7.64854473196477	6.1910040445390555	11.483485924291465	12.083576155627641	0.17346917160089834	2.0636328484732624
7.326955384049092	5.989062460847943	11.07417627248656	12.473694531678555	0.24289785838129105	2.0503723974028487
7.17913580949026	6.245541643164668	11.32767987550821	11.77060360966549	0.15022032112137676	1.7174343105631316
7.120718197281054	6.9137466952955755	11.162571473382382	11.595318490107482	0.15491738808083175	1.9547920060637018
7.463977981731632	6.551393025412626	11.076231722453006	11.624704704716468	0.19979781462957338	1.8450863843420409
6.603540687681687	6.707176255224476	9.367980988369203	12.809115095949881	0.15779075408152188	1.703864633134191
5.413483006862325	6.29158115322791	8.666042484200046	12.72606895607291	0.13589607078057298	1.944175588212627
5.38379616827062	6.522129004334111	8.287627385019258	11.57700403237649	0.1599452114016538	2.135183482955854
5.38379616827062	6.522129004334111	8.287627385019258	11.57700403237649	0.1599452114016538	2.135183482955854
5.667567564848076	7.171526909645819	9.15090497066929	11.564128508928809	0.04514560277374219	1.924640345157974
5.555384028325444	7.293343603842438	8.903853158961285	11.058393034412855	0.03455701481178459	2.008939881981835
5.551022890051503	7.040157493910903	7.703015294238767	11.310392688737936	0.020514182977072096	2.626986475912199
5.274785752380108	6.692699123698243	7.546836519134338	11.361934528129296	0.03692902450455065	2.334571766649885
5.274785752380108	6.692699123698243	7.546836519134338	11.361934528129296	0.03692902450455065	2.334571766649885
5.605228667886711	6.898302598019091	7.824246370564218	12.339625197840054	0.06978708385516899	2.5413548223112286
5.159847993365418	6.749724929433462	7.290605882700745	11.252203242790356	0.06737213748162138	2.4171763008285985
5.159847993365418	6.749724929433462	7.290605882700745	11.252203242790356	0.06737213748162138	2.4171763008285985
4.7650352135122365	5.899384642136775	7.099899197780114	11.394917224175899	0.12496951068235543	2.910240150446555
4.730588627814281	5.074761169059396	7.352325448007864	11.522240278356232	0.218491309325432	3.3062739736509625
4.730588627814281	5.074761169059396	7.352325448007864	11.522240278356232	0.218491309325432	3.3062739736509625
4.681180297466408	5.40053693101945	7.607317518637637	11.519564173324222	0.20132611812088513	3.186464277306384
4.131795810423597	4.350113053496122	5.625839493187155	11.902008002503392	0.20849473573832364	3.0862997547309203
4.131795810423597	4.350113053496122	5.625839493187155	11.902008002503392	0.20849473573832364	3.0862997547309203
3.890324265295552	3.3987526465367424	5.7065224435790745	11.956436196716046	0.22678542398428053	2.9750386622158693
4.082439801187535	3.8710247227347723	6.042474866999384	11.929768206440512	0.2472709000818184	2.7510915190772414
3.908800722539698	3.536425902833344	5.702803916660242	11.010559520878907	0.20129918822315707	2.750370804352065
3.775181611750885	3.7622522064790647	5.746506182096233	11.117443372490577	0.18928019475059046	2.8468367025672285
3.7273548192047303	3.866582075797033	5.859202355206188	10.059214331201975	0.14793094939043977	2.5696507158617514
3.5961035086926603	3.6433654742931787	5.2934342792951625	9.07401357234266	0.13955655313486542	2.7491552254299902
3.8147746896328716	3.9904696675588283	5.0823497452469475	7.520200350972265	0.06085894449351458	2.625683784121028
0.16552901159598352	0.453834120566583	2.9032130336348074	0.8527081532007749	0.06839051156515774	1.1332826152680184
0.14982362460075668	0.41716834874769504	2.86549960461171	0.7863389033224253	0.08238698328763223	1.100413027982809
0.13303835215210918	0.5790119192714019	2.6164361319730474	0.8599151351996037	0.17196615940988821	1.0183604742035015
0.13303932777449495	0.5790188463335019	2.6164354413518955	0.8599153764476372	0.17218189627432492	1.0183609074229962
0.22268762833533493	0.5309533857778741	2.7127429493082587	1.1197952317454565	0.15978892556136295	1.1392275618384469
0.23610789050442824	0.4603763037271571	2.5672693626150482	1.1044935698037504	0.17555185656117583	1.1271496193034285
0.23610435091837376	0.4603706690736259	2.5672699230308726	1.1044935403185479	0.17535543213569216	1.1271488878626312
0.38898504873123024	0.5179245556361615	2.2360498624551157	1.13779354494104	0.1700058852455977	0.7771905933748671
0.5222288449370116	0.6258914090313489	2.0870187024684177	1.1285798010187698	0.2416700394230583	0.788908400964697
0.5424257003432443	0.6380931469666524	1.9561970854857647	1.1779182113562567	0.17224504190935208	0.7100623604802921
0.5093210688693763	0.6845579542277044	2.335274697529599	1.0252475035799824	0.29808752230751745	0.823582536905993
0.4262567125492816	0.5565841260194143	2.072925197325097	1.0691231187238914	0.3502850318271589	0.8520482318391839
0.4262444314378472	0.5565846943575237	2.0729206470898394	1.069126899481771	0.3502367448911053	0.8520499605804484
0.3068827345044914	0.6143584280320318	1.8898784877028683	0.8968622522629498	0.4063485300527263	1.0078293659111386
0.4233850573238767	0.4899423225581277	2.2132172655122875	1.239334831276064	0.2185642676450141	1.2277907600946376
0.423384656934767	0.4899461156865545	2.2132185036153147	1.2393350440185649	0.21880395841221226	1.227790052046419
0.46281783411973987	0.6131136298822087	2.122667290097509	1.192304142182864	0.4030586798985246	1.3216859975120694
0.46650377183462216	0.6613727337574719	2.0606391067624616	1.1917863144904788	0.4978844511841495	1.0597572721251807
0.4325605091521012	0.6851057329585909	2.0942936579602316	1.1554582271314338	0.5095088281603852	1.067712705694755
0.4856610634463301	0.7049587430938444	2.1243640882826034	1.0668368263523214	0.5304205718229452	1.1378975868425771
0.6508360587328181	0.6633910760711415	2.311847157848523	1.0098155937864317	0.5504136819641235	1.1467645826947197
0.6253241080861128	0.6418705986973442	2.0394928741836256	1.496027518049152	1.2933848734697344	0.935670505348546
0.6509546202509072	0.6145075741809352	2.0774567779240645	1.604758705212683	1.4107798695384186	1.0535938048842515
0.7559120151470179	0.4852452452220771	1.7121577046479322	1.6414308077709205	1.3776544768125316	0.7372807714000363
0.6029306403025381	0.3319447217348016	1.1822111969827096	1.5875511666846551	1.6911216487212657	0.5884962407005874
0.5506794162592599	0.21711805604398704	1.1963943249336957	1.499277140632133	1.8111931185630086	0.7620520369689056
0.5256446839838959	0.08882906927450823	1.0054434774368162	1.5522955780339944	1.7911363776580884	0.879431387575923
0.4729209446898562	0.08195182874976423	0.984741436212851	1.6306130376591788	1.8427494910411655	0.6672613323590759
0.514404298302898	0.049148433549566065	1.058082256299716	1.7070436268490632	1.580406174636503	0.7423218010557961
0.24359217230461447	0.0722058243861379	0.9860210826375849	1.5058632492826898	1.1269450509489807	0.7787535633821799
0.2518884077696514	0.04590438548985207	0.856553532830728	1.506822377479028	1.0846316873458248	0.7337175256771787
0.19067415210042918	0.08145844622863097	0.4770458771226101	1.3635953648867971	0.9223643475652773	1.0154371910428412
0.2467729520449504	0.08071309273990615	0.4719518971667257	1.4367159712577016	0.8722584250724065	1.0553821632290732
0.1774256538054319	0.038488406484242836	0.4386732506864286	1.2412294123452667	0.964315750589294	1.5013054734552058
0.2628655536490186	0.004750393325814027	0.4085960018245373	1.1572735796950762	1.2053253847288354	1.322499944702745
0.08027540985749698	0.020527408122104254	0.1472778023669055	1.0382548900706055	0.7907627628003193	1.1477905177903065
0.02680921154191877	0.0403491568422842	0.119835859231163	0.9206978438461524	0.7277093518917549	1.2904782979498024
0.013653666341872255	0.21697628857188692	0.052959796292538185	0.815363500670033	0.9374240876552185	1.5874448513114188
0.004218356483490294	0.23803942319453378	0.06066355063462962	0.9460120280111664	0.8851124603098233	1.346327173845971
6.771227492392192e-5	0.3081396309977671	0.06031363700061633	0.959602237229538	0.8600869295551868	1.4542172780052827
0.0013439512748398869	0.4103400959421006	0.0481345001488487	0.9383637242844164	0.8218941509230115	1.5207765250724885
0.02248946851680798	0.5522104616088783	0.04205667693652513	0.7779814663368986	0.9886501056026534	1.7461623402360467
0.007857617440863699	0.5997303207638272	0.07641088484903912	0.734706434301882	0.9035599023509313	1.7367843092147734
0.001345947518087235	0.5234024773407125	0.014519449681514033	0.785987509746621	0.981474964631338	1.433640245467748
0.021224079819035315	0.7832899019435392	0.0006000598346787739	0.7682910225100953	0.9313906930607507	1.5680567976214301
0.010414688749600796	0.6534869544009471	0.00030249707241752644	0.7092204816654759	1.1714578642666589	1.7784024908828704
0.03035580039555289	0.5944598540093813	0.016973097240752508	0.7520276209730742	1.1533685092633132	2.109865151121375
0.00752381628626717	0.6469600263062386	0.022469716583942624	0.5766012770678233	0.8824555426190602	2.8427627924855106
0.08783225505237754	0.645339126939555	0.10296085193768674	0.3136560137994891	0.748426959924234	2.7579974970656296
0.010459586254835382	0.8631056560988607	0.03151795077696919	0.42966565043494503	0.6223907819011391	2.873448914106328
0.01369065938761668	0.8033721623397326	0.054572602178069224	0.4508944021331399	0.84802354400424	2.8219460588342753
0.010507625113775532	1.5520616912024874	0.016856235971627734	0.4301568046140403	0.9040398476643066	2.754971255271894
2.008074933747755e-5	1.3644754924672935	0.07890452628001668	0.3648345296648804	1.013125879058399	2.5668326608574126
5.3283315398820116e-5	1.3563982091100637	0.09003282310153034	0.34475425855310043	1.214630613501357	2.829502517473211
0.013300224562351016	1.2172814502687468	0.09070066671968376	0.4128109093508077	1.4818748956153696	1.8548189820574559
0.012395209320307488	1.1303044917310525	0.050280554536112985	0.39211937445418715	1.1865740688893542	1.9712353832620968
1.8528315844631048e-5	1.2386120840317705	0.015345833748066992	1.0094938458731275	1.520578268752412	2.246203372874838
1.82738609253827e-5	1.2386210466908618	0.015344113242115893	1.0094936886083454	1.520526053671471	2.2462040597054083
0.014863262038642184	1.5059137129046505	0.04031935308587178	0.7880809224765887	1.7267599045905138	2.385226501125817
0.040917374274445126	1.5418056974365495	0.05028033234037605	0.9410656476457271	1.578686184384355	2.171759660428025
0.061367914264361584	1.5620318923838143	0.023229623038446636	1.1661880390862323	1.4935853912382315	2.428845500534321
0.05696436159870186	1.3196711797960219	0.0061353614189717355	0.9590286558890055	1.6353949640217795	1.5911197412428777
0.07677242037739174	1.2576026178994884	0.004045745238006868	0.878571188565484	1.6933696882209535	1.242091662776234
0.012789423320906677	1.3877661444354237	0.06918971682749196	0.9832853343783315	1.5892893126731746	1.3345967697707064
0.00029477387745942057	1.6769878614329363	0.0807775206475039	1.042914344352132	1.216741207223098	1.324563982525716
0.0033737860295793894	1.5759281081543606	0.09939610984319404	1.0722720778631014	1.3290488003305505	1.3587063086608369
0.02421847138121005	1.4826427133243762	0.07951864409363622	1.3789730698723346	1.017762607094745	1.0777102572525301
0.101884017831639	1.2048769299175122	0.05792482308971088	1.2659501604472894	0.9645115673669901	0.8524195972989447
0.27551798556140594	2.027701512359832	0.23052153887981086	1.5353219099150353	1.0257753037784654	0.6625822465213144
0.7402675357522801	2.2320591670820744	0.5367259479469539	1.2622244059063277	1.3492445049798159	0.3676885504137847
0.8642703859413701	2.62772338013916	0.6761219303915593	0.9473201097917769	0.9461055961963774	0.35863082627029624
0.8642728911879201	2.6277376808546733	0.6761220018183969	0.9473152837154644	0.9461045873498029	0.3586306920251001
0.8967101823956143	1.8628125885889806	0.4871683799206956	0.9557238074489081	1.0756856986568435	0.23810310128794904
0.8867698897579477	2.125360697042982	0.6944090958554835	0.7176329740659766	1.2211600805323226	0.253119122130576
0.8502741034297329	2.5556963521017826	0.6927708618906526	0.934796665769492	1.2637958748985847	0.19956823847502714
0.6004947571950716	2.7157445714308084	0.964198498151647	0.8744328166985205	1.070481999767917	0.35114315865439877
0.6874862598934361	3.1091080237227002	1.1713578114468648	0.9187123667350634	0.9025083373495453	0.3588739679518578
0.6874863749099982	3.1091161985142657	1.171356315740341	0.9187415194203773	0.9025183661811063	0.3588720808459163
0.5557729987495668	3.0508401585922935	1.3245521137370317	0.89923775614759	0.9813457304814148	0.5051788342018356
0.5247543141738786	3.1103763343245743	1.3095757398109837	0.8867672535889192	0.7765824402366325	0.4551346924049878
0.6388869783532524	3.182097937418465	1.8339367569756129	0.909502334941959	0.8502162592336415	0.29770774132783884
0.5796092158007855	3.0018783163548988	1.9581976486946	1.0558442131232184	1.097441220144276	0.19024868699136493
0.831227359372892	3.1951245069020047	1.4280093377841017	1.3061531873572696	0.8414886629410803	0.1285542253406046
1.0487701028203371	2.6018883367447416	1.8988163068557298	1.4582811889102898	0.4344823079929188	0.11245405268358133
1.16773537132702	2.664934253288658	2.0378230204453165	1.259747006534877	0.4774792050927006	0.1999793782812582
1.5752936289797514	2.4716728592206776	2.8293196237231766	1.737022632714263	0.7691674674513189	0.07208179530022041
1.5752936289797514	2.4716728592206776	2.8293196237231766	1.737022632714263	0.7691674674513189	0.07208179530022041
1.7524720267500074	2.544645557611842	3.162305577109643	1.4665276813183517	0.5956999934230414	0.06718385039703886
1.7524720267500074	2.544645557611842	3.162305577109643	1.4665276813183517	0.5956999934230414	0.06718385039703886
1.9948635344009258	3.524389437847163	3.96761682611923	0.9443274230343148	0.583959234136107	0.0023874511025187626
2.2392626874530683	3.7713007326077435	4.36909163674506	0.7742940752212574	0.31694387425885956	0.0006038086073007604
2.0932936641570845	4.175268256038074	4.594275023218296	0.745690190731856	0.3713371638514905	0.0019128895496633147
2.197615719670417	4.11394380655606	4.492622892327124	0.7552379678725322	0.3653208681527509	0.0029756837481126996
2.50931040897937	4.35986382910795	5.614507372787273	0.7568169444302009	0.2332633216277337	1.2941352413885582e-5
2.42508585712779	4.066294434536913	5.679043618655686	0.7690969398879923	0.2606824168622477	1.7504778634601213e-5
2.5376922765587757	4.371465686587629	5.999571162139618	0.6865155200757191	0.3617776160994669	0.00314544104811041
2.4709623473543925	5.108412141923675	6.943104643032549	0.768124948111692	0.34621190053879636	0.007483973957629762
2.6701005947934076	4.7750619108817105	7.1498026662992	0.8354356046945723	0.3104583851058472	0.008844188974644975
3.2943078807082378	5.54855405995602	8.14996186100198	0.8002765613985382	0.18255981222543982	0.0006760808540732062
3.46669406295934	6.4194587923141	9.448281166616104	0.766277135223747	0.1347797823874586	0.019029848551815932
3.8340988083272998	6.107166202616805	9.965218715398342	0.7698139453663821	0.08110969290564167	0.029879316432483625
4.097179747642431	6.202285186844367	9.982245261279953	0.78042268745324	0.18001135012030786	0.030965964288469126
4.433055748641831	6.058835488500879	10.483306093945759	0.8263425925704484	0.3431133290823359	0.06607680507601364
4.1709362754975	5.941676024122338	10.996831069424433	0.6998809705950351	0.36675741384365285	0.029758576526457244
4.325115431441059	5.762478122632875	10.90004122467326	0.7041607872110653	0.377548918633423	0.04971670014397441
4.523802356303284	4.24345681413356	11.382392292944923	0.7816961605576493	0.18682800070105365	0.040013239622620655
4.156397824450323	4.380265014605871	10.738892079689672	0.6634077463401286	0.24991529938637727	0.204609013667647
4.156397824450323	4.380265014605871	10.738892079689672	0.6634077463401286	0.24991529938637727	0.204609013667647
3.86541260357001	3.1971017926245295	9.70896201324675	0.5895690828771236	0.15534391156010768	0.29613292216472187
4.164750322093441	3.18592450553856	9.531650594006376	0.7166465489930043	0.10444861014240894	0.25873180319278954
4.484590226020781	4.704255040634902	10.240976310490197	0.7095941031190145	0.11711532610517554	0.5079502248832504
4.516957184499931	5.115605421915867	10.662169206924956	0.7069476106098682	0.09896363134397845	0.5649943426504439
3.0245981085100277	5.106442777234582	9.52038051767593	0.8694092128606454	5.673379115214325e-5	0.30969238331041976
3.1129493514084854	5.022992769080383	9.615235505268092	0.8465828577533456	0.012845362636646656	0.3538832772300297
3.246302979998309	4.1790519349696	9.453173698953806	0.9534542763947363	0.012468362072919566	0.5860299288681061
3.599940905699337	3.96018674750911	9.802601341085099	0.947695724273307	0.01500960038336087	0.3556927873699528
3.7034628359982253	4.1778126753547244	10.712993383627571	0.8301549122063142	0.027354655235008907	0.4443347260310956
3.69436415962603	3.7326609407300615	10.380775805410039	0.6125078111957555	0.005587249123925115	0.36576159860446766
3.711110986178171	4.1231647585226066	11.329352433269344	0.45786119024013167	0.003947366751658603	0.30907673330098906
3.225482676402522	4.71851549262791	10.345039160007108	0.4744304716391757	0.015035542679268859	0.3432310801335566
3.207204605196438	4.667530673832934	10.146338090570632	0.38159779564382457	0.01536794983214824	0.27047591848367586
3.5255375090442844	4.299310085960767	9.988380404140193	0.41532532567043756	0.013787871621795017	0.2907734984505018
4.444463442601116	4.15134007243049	12.267988963408811	0.560010091746566	0.004639690747897508	0.5338430119320959
4.444463442601116	4.15134007243049	12.267988963408811	0.560010091746566	0.004639690747897508	0.5338430119320959
4.286350370599527	4.525792186575312	11.611255230547794	0.49718495391482037	0.0005580111465469479	0.5752671968625952
4.325652575223844	4.162503546487359	11.659061787163047	0.5472858744168675	0.00011815753411469473	0.6093201960816862
4.415161335540828	3.913784581156274	11.625952577032695	0.3723453260830617	0.0012835653636235297	0.6032660553305502
4.435151329219861	3.624336161938268	10.451443169923756	0.35433349245625395	0.0002795162474023016	0.914856737799518
4.3693196230715134	3.578635814325936	9.846917587129024	0.31431463717085434	0.00040087894838455055	0.8050832402022388
4.413823286174462	3.5724777384713478	9.650968063953892	0.37748101694189745	0.0020366596988254443	0.8348128590368762
4.168690456501179	2.4835520363051304	9.12326425966506	0.4746190435148334	0.00014956748669880108	0.8003406255092328
3.938733646396012	2.3329809106287693	8.629221458986995	0.39326205579999146	0.002341115485840078	0.7526564061383617
4.013381622696319	2.1336335869531626	9.019865848493334	0.34515549987635546	0.00185128485272844	0.8269715566744521
4.083704924374264	2.0695246004315333	9.755531223665207	0.40636010891570673	0.03162058058429016	0.9570644167174736
3.961601976099569	1.9267885222368057	9.76373443709829	0.31857818998963305	0.04308207275943102	0.9289305230991133
4.179843394996887	1.8819025928073971	9.515454186434184	0.29803315488924353	0.02288318901421973	0.8204057424668908
4.438374396466245	2.234949660001003	9.965963702467414	0.08605390100425613	0.01893042250056223	0.5205143542646115
2.679046807904775	0.5914945776765481	0.6467360940842941	0.39999918065272616	0.17801144412308753	0.5111093437817088
2.519178051732642	0.8229977316057969	0.5519968936453222	0.4318897781677666	0.2037239057712731	0.3278591339498521
2.583980902818523	0.8703667029400359	0.5765872562032391	0.608324639766518	0.2151933373302222	0.28932793171219295
2.0791709065111204	1.042680083593698	0.5294425367846135	0.5596510522112437	0.31112324632839294	0.23540367983746077
1.8885601007919737	0.8112710153787656	0.42130995964717616	0.7690974507463093	0.327916017575904	0.2365682715387059
1.780925862911028	0.8901332983522967	0.19362167678141465	1.1466152368581553	0.5802006875067931	0.29942509132778905
2.3223758140138	1.0952910916651462	0.3568218570553404	0.6018545494981019	0.6409384335356056	0.39537182239471713
2.713699760707815	1.1710911708832064	0.36928323936913554	0.7490787449525396	0.6679851148676654	0.3061981114835751
2.420842038812859	1.075335257398287	0.41201141987590834	0.9421019889861436	0.7739561097921002	0.2656092600344834
3.5364481610530354	1.5376164254297786	0.5827387720135644	0.7592749696217945	0.3628951033142711	0.13736031031182896
3.1697448030746767	1.4487518718079386	0.8256354732166089	0.5534692728910889	0.6104708911340686	0.10343396984461756
2.89922522184882	1.2194042651032388	0.7533870877236941	0.7224505554810402	0.7177296008372684	0.17554873537114102
2.112264351334386	0.9731128023738055	0.7574815421950514	1.0250003087642516	0.7486452365561321	0.08821590230468115
2.112280478208913	0.9731141012085908	0.757484596652638	1.0249922173568629	0.7486478616469915	0.08822647510299136
2.112264351334386	0.9731128023738055	0.7574815421950514	1.0250003087642516	0.7486452365561321	0.08821590230468115
2.087062886747924	1.0520563134941816	0.8390420913051208	0.8997889102803645	0.8020582463448197	0.0924029176962337
1.9969072230621032	1.458030910750844	0.744363351063179	0.5883403801594567	0.7360926247370128	0.14614781580525776
2.041797622165329	1.5017664189113065	0.8226046222298007	0.9575760026700655	0.30584411499838116	0.06114393396268515
2.493980623335736	1.436183655446162	0.6303808121278335	1.2158279040240898	0.4067058482659031	0.13834542870601285
2.5814191085159752	1.4932018880872975	0.6854339846812706	1.1518269432727313	0.398511823767682	0.1715997243391091
2.2653503000203687	1.5149947665645112	0.6602479572964026	1.1230546172874418	0.4203734237058125	0.11907302466968209
1.9902238441269404	1.5398370210195862	0.6416204863311493	0.8989427778359911	0.5243777681554475	0.0873142886739155
2.01342627043217	1.6434895134656307	0.9928855469084306	0.8825801998168249	0.6298290461814016	0.030104400293503586
1.92762265300796	1.4924466913151944	0.901774379930046	1.0623522111556685	0.6559435718791424	0.058794691630443534
2.007543210551727	1.6951294732946909	0.9694459822382586	0.9512106816161562	0.6936450107807316	0.04859689660193127
1.9672169942579465	1.771301234946833	1.0533633244533076	0.9841625826754699	0.6892205634742413	0.003407846623991505
1.8099395496075033	1.7966397002586312	1.2545726858078747	0.8932968649918465	0.5433155147474716	0.011978172272886188
1.9711495651941386	1.4796548179299311	1.1649775018539201	0.6917318717360694	0.5171327552497753	0.006693503848251487
1.9120300037492532	2.0700696258897837	1.2517309086587884	0.6860998241741558	0.46288527577353056	0.00026654123376962244
1.7957891996759703	2.438877123235763	2.172392090623777	0.4822764752762748	0.40082451308789274	0.0019135408039377805
1.9768667845022045	1.808128003582815	1.6499538398281965	0.37305267769319356	0.3578915329248942	0.005798799828177912
2.457981822683225	2.0815020660789494	1.9130136960732678	0.4648528663432506	0.28228900386888467	0.03337065702337562
2.6269449230006607	2.1260051536635394	1.9101126966875142	0.4627350417480811	0.18621675225179082	0.01901270121755809
2.975560806019788	2.4526981231737497	2.7059278478363624	0.678384336206727	0.2437141446183535	0.0034483154964209234
2.9446152171734523	2.518443623074792	2.550742611037912	0.5235275266423816	0.22237182736356617	0.00868705716362071
3.1706761120721882	2.0766780700711864	2.4166608089050348	0.5350012171232897	0.1927332249865739	0.04659256266577721
3.662883505552902	1.5249790185509722	2.432946782257534	0.6404352713537482	0.37495851131310737	0.0019065245404176962
3.573442946788368	2.0684324826363563	2.526582603711355	0.5328411476112419	0.4533834031208854	0.005125547251162033
3.573442946788368	2.0684324826363563	2.526582603711355	0.5328411476112419	0.4533834031208854	0.005125547251162033
4.494612260169787	1.5140963374172114	2.3573991222048463	0.8483382880040812	0.4347665395008241	0.000808878220708723
4.6762494058118325	1.5909541977023198	2.4119590221421654	0.7956535917769192	0.443521198993867	0.05791541221647123
5.633529537177366	1.8011655158180322	2.3261272978517473	0.6780823477865167	0.2794808554999368	0.007949033037479819
5.760235070766376	1.540110142129894	2.3362504153592747	0.3069520654854415	0.3722786294302961	0.041865678492848044
6.062633345108742	1.876954776638506	2.3307840494583725	0.25189204957170175	0.31937319166738276	0.05329721306759255
6.2584127867961525	2.012894580592874	2.5999984784369974	0.22778647062160354	0.35990176009441327	0.20451347899416836
6.2584127867961525	2.012894580592874	2.5999984784369974	0.22778647062160354	0.35990176009441327	0.20451347899416836
5.915980526367491	1.8226035717854492	2.6388086784206646	0.19700863799960494	0.18445505648788987	0.3860239925920024
5.852597789101914	1.5516738427705117	2.483291372337191	0.1597992884469686	0.20071127557618787	0.6117944778021499
5.852597789101914	1.5516738427705117	2.483291372337191	0.1597992884469686	0.20071127557618787	0.6117944778021499
6.873734259755031	1.7956774302635095	2.7769775758966464	0.0015457743050801317	0.07504839697129774	1.0910397695410956
6.873734259755031	1.7956774302635095	2.7769775758966464	0.0015457743050801317	0.07504839697129774	1.0910397695410956
6.938169530313097	1.441535960715625	2.4960350996187466	0.0016513306569268104	0.1273994892242112	1.637397830027892
6.938169530313097	1.441535960715625	2.4960350996187466	0.0016513306569268104	0.1273994892242112	1.637397830027892
6.337514413513635	1.7267061159729535	2.840108998212246	0.010306113950876765	0.109780803961261	1.9679419428668081
6.951064124869466	1.4808653555427407	3.2594412764819722	0.030976828691554836	0.09253382151382544	2.2354874222369805
7.465842041756039	1.25994976484688	2.4418590614511375	0.04595412345270948	0.24865964544994573	2.688974973259957
8.107501134856056	1.7506421420882001	2.475247942110277	0.12758522680985182	0.15016214515782936	3.1899065688540342
8.850288959017965	1.8214000809963484	3.1250220017183667	0.1646156234187972	0.2947465384512854	3.2572244635083174
7.767847350729674	1.761813105023352	2.906711457017705	0.19152403133986515	0.29205840471886746	3.311805194564165
7.767847350729674	1.761813105023352	2.906711457017705	0.19152403133986515	0.29205840471886746	3.311805194564165
9.147074014323469	2.104625652519337	2.361164056905749	0.11492712977967755	0.49738630891497976	3.9391302744611942
9.33169941910023	2.0911243988176986	2.8486792855617695	0.07245014729541513	0.4447379815672062	4.296565136118155
11.512174213734403	2.0790440977918965	3.6084930703705598	0.1435269766949891	0.1708625232941163	4.338467644379722
10.811516817361829	1.8629613487596097	3.742969876417973	0.08743315956003146	0.19282749397593865	4.073240100950805
10.811516817361829	1.8629613487596097	3.742969876417973	0.08743315956003146	0.19282749397593865	4.073240100950805
11.37502280470961	2.11846603154242	4.344235848411179	0.02953614910594379	0.15073209851009722	3.8779835082758867
11.684577533088596	2.488492386894163	4.500194966249221	0.07187426669993666	0.17319998213660695	3.5009924083812103
11.684577533088596	2.488492386894163	4.500194966249221	0.07187426669993666	0.17319998213660695	3.5009924083812103
12.337010150869489	2.5117850459580726	5.616803053719624	0.05900684139177963	0.1017057293593534	3.7261729639710572
12.997937202949556	2.5262067053939803	5.776511646194865	0.03620002053728999	0.10686645736563902	3.820464216151524
13.314030532751564	3.1168838131301597	6.393373609571401	0.08948050189612074	0.10176056862746945	3.754054024049206
13.072661870049457	3.3512753145250866	6.022863373955619	0.04129971985816759	0.08115696306281311	3.4912137157556207
13.939621020725026	3.371652038049463	6.364291564509512	0.00298299948255548	0.047431998170121135	3.3742511664144597
13.939621020725026	3.371652038049463	6.364291564509512	0.00298299948255548	0.047431998170121135	3.3742511664144597
14.24779553808282	3.427598262101757	6.537587061703109	0.013566290222326628	0.00608660072310889	2.806417276352956
13.06625265534769	2.3103921943211545	7.2089867905306635	0.11280276626250377	0.00011456030311317149	2.8318979169206426
12.949519969958827	2.4392766602299703	7.633190690952736	0.11296607739140764	0.00010696014760067656	2.8770734839582874
13.135408093031542	2.453908011934284	7.895202240766898	0.14859232147074344	0.003663770744749594	3.111786890217458
13.398543462538079	2.650915340554712	8.505512828632828	0.12947618095197616	0.30492842564072914	3.554334150416877
11.893747384769586	2.506533396437189	7.349133797670998	0.2438731404859117	0.1343129993644179	3.3340264078119297
12.194154696224162	2.5203881801089687	7.517356970857569	0.23546645077017356	0.15393812826712608	3.1919722026309265
12.497435891003512	3.738304243889726	8.646218124450549	0.028330227227340504	0.27247818347430247	4.14917218574964
12.497435891003512	3.738304243889726	8.646218124450549	0.028330227227340504	0.27247818347430247	4.14917218574964
11.959497347267385	3.612720205587152	8.533754127383782	0.03206342312504537	0.2587406238627125	4.164998833302926
11.868938812229246	3.6339618907999296	8.357065212775574	0.04782053768728631	0.29242532315755176	4.099107019221477
12.695794215531487	3.373550031609162	8.942987181610066	0.025210505543660954	0.22232006130578383	4.0939272558009
12.981819023467924	3.1558838421739637	8.76486105868148	0.0765712235532283	0.26011798707718364	3.5436339209122436
12.996832576801452	3.0564499825457556	8.920631568625353	0.07038693450972351	0.21951801778461494	3.6990665070234976
13.151655707450852	2.846470523454942	9.43245794766818	0.0643400768312313	0.3390671107714296	3.6591888561027246
13.151655707450852	2.846470523454942	9.43245794766818	0.0643400768312313	0.3390671107714296	3.6591888561027246
13.715910101445234	2.415178547077617	9.225290622199358	0.11441064953620446	0.87527372300862	3.601151439027928
14.253591157150767	2.694477084781748	9.55332597800255	0.3914065741318685	1.1138872251882792	3.8542178016971373
13.78095900051841	2.5749074894423436	9.327350089235152	0.4896296950015304	1.0956505178043798	3.9410325458441897
13.422582321058583	2.3706490400573434	9.26716250841818	0.5092953896863633	1.473533901377043	4.991950300740675
14.727708640989512	2.289708619771173	9.360455376444365	0.8417936751929231	1.2703509957020873	4.12015219576337
14.557486551070886	2.3029079946972457	8.970487928165571	0.9887924041056532	1.1168040989590788	4.114904275359813
14.557486551070886	2.3029079946972457	8.970487928165571	0.9887924041056532	1.1168040989590788	4.114904275359813
13.495313889133248	1.6941476667825122	8.180442277286732	1.4818621607791045	1.1147443364531027	4.47518449047153
13.830011316526612	2.0399371836146645	8.674883506981294	1.4985467481922539	1.2982742457742558	5.584298998202468
13.497537454874266	2.155199411965542	8.726430644855865	1.247808128222818	1.233003511579643	5.537850904431134
13.776860936189083	2.238509222821748	8.443307333942492	1.2390447525997383	1.233632568528046	5.38664639584834
13.46734895682289	2.314072335629345	7.7460890481724105	1.0742995954676187	1.0254518765179037	5.33104902418048
13.923272445613796	2.37828545264839	8.123471123359208	1.1577553372099036	1.1170411505720486	5.192483096475893
13.923272445613796	2.37828545264839	8.123471123359208	1.1577553372099036	1.1170411505720486	5.192483096475893
13.220205791802185	2.5828717590301324	7.97223608293036	1.1531811690133402	1.1212806358700593	5.4024087049052865
13.168309726663548	2.5868903584780494	7.753264583725863	1.19189623237401	1.3001003202401324	4.536945549818825
12.36832960847983	2.6655432286829344	7.794670954198252	1.1633630831705273	1.3309134991187819	3.8712189548991858
12.36832960847983	2.6655432286829344	7.794670954198252	1.1633630831705273	1.3309134991187819	3.8712189548991858
12.214983227292814	2.5968845391383115	5.612851247998212	0.8684680951770726	1.4500060843771343	2.8302859944021
11.748381065298675	2.3680499838298914	5.557885959686651	0.5210505039436454	1.3545688715914543	2.9058236048241435
11.2254881912499	2.217872642837615	5.438512697180074	0.5738393771336857	1.0030279773961193	2.6473404338621886
10.321614920405235	1.6627946793605328	5.39768459298787	0.48560085216280163	0.8583169229690523	2.675311377813993
10.442127508769545	1.674239431221346	5.7544777563663905	0.5513045833252896	0.8177708677227257	3.0375877371202535
8.328924353178127	5.267680533681574	1.1708092914956847	1.522569541524874	0.6179745229217063	5.620235855787269
8.384118055002235	4.471450814665772	1.0187412586632676	1.1582242225473003	0.3594233633448283	5.783366041375808
8.144910765907172	4.6551580905475625	0.907551458043578	1.1723195230371475	0.2841243523358842	6.269264711833343
6.965723982865227	5.230407955992878	0.9195033584101323	1.3972957172063953	0.07685123015726536	5.341796169157224
6.390627936226595	5.324178839643598	0.8453405812423928	1.5368716008091197	0.06670037236900242	4.721137287688975
6.091090945225646	5.449949344881787	0.8005990209716882	1.5475079736372102	0.05477120487573386	4.580577875867355
7.072085172603109	5.304273227635428	1.2456437027787144	1.1866886160572718	0.2781424387616507	4.484702920305328
6.830440575484591	5.515199978558455	1.2171808363289625	1.1656162819575682	0.25074516985834616	4.694329585773174
6.704142175953208	5.505826529819217	1.3317821712032876	1.3060415584523013	0.04284293916260935	4.900983310048218
6.852061703540598	5.7498846160011245	1.200544330988103	1.6733942347174282	0.04748452134236273	4.4189285665558895
6.985039802917288	5.9883135620887105	1.138578333477409	1.7152371480716118	0.03660226230038104	4.5314409824749795
6.831818265904895	5.390428326838307	1.481461033425445	1.5819808160217996	0.0030116640325513703	4.751734560027964
6.93614620818721	5.858517469707024	1.6718956474922237	1.3488471000261102	0.005057229360518391	4.997965329593442
6.900301045198557	5.623031175307028	1.744129850514799	1.4431043143957456	0.028825232249895423	4.983550985046998
6.7877033603410535	6.425384219494496	1.7309115199353837	1.474187050060393	0.07859834296180963	3.97427189945484
6.339472585336637	6.3960846554472655	1.6046761723791745	1.3070768241444488	0.0694742450715428	4.478039307469566
6.860685840818245	6.314046901666008	1.452792545240652	1.4108154476836028	0.06516037580515915	4.69174601084581
6.9555703059747245	5.938479787576164	1.4637864507894018	1.490601177448856	0.056721269901877286	4.4510635908800635
7.156991869006143	5.383782902888847	1.3672559135732167	1.7635096936233357	0.05501084406449037	4.712782993351136
7.064533378810587	5.650103883284377	1.398220130507846	1.121135051374183	0.026567395859910893	5.579719579494099
7.730195991159779	5.826809450445473	1.1077653478112752	0.8458772019136007	0.04132156041009975	5.25503192332632
8.141789230524392	5.832242796576685	1.1017580391232131	0.8370129321930497	0.06004620963209959	5.274033247585111
8.145951110707358	5.620370023983125	1.0019889410048206	0.8247804263460328	0.051412340561054974	4.900228325515302
7.895296155408151	4.437726088116615	0.9471601820325191	0.6144482142565736	0.0598267408697162	4.896653766811673
6.876706437878376	4.481326038521149	0.7163154619838008	0.7115494716366517	0.03983757121449629	4.531924248904352
6.876709558452327	4.4813286267384465	0.7163276904204535	0.7115509756552155	0.04006645332768489	4.531904712062195
6.916796874743577	4.793531382395197	0.8592118994072347	0.7171886626747577	0.050386003239859305	4.546458349956842
6.595852064919358	4.871749652263264	0.7562879959810022	0.9735887397224927	0.15912897106793655	4.244718153549067
6.862139243191021	5.148094811104648	0.8999157015854822	0.9674661842650745	0.28615771851636324	4.257802691260527
6.86214814438617	5.148097355247792	0.899929048477039	0.967467712401144	0.2860918183711023	4.257789874581256
6.596058050028023	3.978592677235773	0.5735256692476622	0.8335911895567195	0.2165619902386143	3.2456507234998937
6.5960620970167385	3.978591826396905	0.5735338075718627	0.833589008811466	0.21648785826265415	3.245638794548902
6.663121901029732	4.047832821002789	0.5203458895740588	0.8541062217286682	0.14694070211097252	3.397742153678508
8.06725239744612	4.062782458285666	0.486314042420982	0.7362427694517537	0.09789301322619987	4.428366801907733
8.621481637461581	4.442271871562343	0.7340016008982442	0.76059167177636	0.1351513316282234	4.956743432450389
8.449946674661279	4.30049711981579	0.7281654602445738	0.7345731177746656	0.12334587806263454	4.885125358509131
8.748184024583264	4.039783948398267	0.8332471848666166	0.6085674140371053	0.08053888503034876	5.78660720408709
8.748188874889284	4.039786283842853	0.8332599985230899	0.6085629357749541	0.08065477927919736	5.786595966376938
9.596781319594372	3.002060500823511	0.8894191711111626	0.6223658375574787	0.11086585647639646	4.880648005324679
9.701758931355435	3.174919463591377	0.8451754800654622	0.4453233028497573	0.08734154557356306	5.009807447024247
9.396075091226407	3.046593763431662	1.058055477954841	0.35812780110749126	0.06786558209527253	5.805585600512429
9.40968724290785	3.1268613488336574	1.058317479011859	0.4212775244310353	0.09483987298068654	5.6890262450049365
9.205281303925329	2.764211902223489	0.998541229755657	0.36036973596834904	0.03520903713828758	5.805023899682778
8.229531669985917	2.7627263159283486	1.206764042378874	0.3501184754851791	0.013087363379766964	5.617760051868648
7.655525465420884	2.206136744198315	1.0864529516968013	0.26003053735796866	0.0008881719962971091	5.409718647834863
6.443372290712437	1.9330100858264807	0.7044794646412095	0.08144054403329876	0.00047465173940160584	5.525339847764867
5.830417512260998	2.186370572260836	0.5626557921210515	0.022916732261295234	0.0007149221416032788	5.776078415913733
5.203168822259671	1.8179733643752143	0.5643678407565212	0.00037177519005304223	0.0007178655232063187	5.494291215974018
5.194669759849621	1.8212007870016818	0.37456300737491355	0.03847999883402717	0.001426724280556625	5.0090431310480135
5.194680027682545	1.8212024671759712	0.37456659948385196	0.03848190440982983	0.0014107628316204768	5.0090422300720165
5.654570188151677	2.23471919325261	0.2929667158624207	0.05019717454379477	0.01737695712649643	3.4742778147812734
5.907413862223959	2.3960488668979543	0.20988442530475895	0.0006419780832301871	0.011516105995505333	3.097202717175864
5.711998718600562	1.9523815085661462	0.2302448221951575	0.028673629236809352	0.000620938228495455	3.5334101314940205
5.534884215997864	2.2528169804763345	0.28518532670449254	0.09004495933912102	0.0066598946018018535	3.2135151487353055
4.53551576589394	1.9888896220523242	0.3724538595741815	0.15965323173410814	0.0181627916099474	3.89935938952156
4.659783299191191	2.086087294670105	0.39799329229747193	0.21101639774290848	0.023756554655522132	3.984898975731764
5.068921787454108	1.884881167773792	0.7647397555750929	0.17836979286296925	0.0060861530691285175	4.021813655261744
4.663600443521008	1.667178202991543	0.43315496645912244	0.21630349827910314	0.029256871414283667	3.4675413346507398
4.500977941831486	1.5682384777065996	0.3171154635472352	0.11536317766083334	0.0012599877974415093	2.9731956698140136
4.191414860106469	1.4548552234142065	0.31006183572521884	0.19726243458692747	0.003552439023670921	2.9935062353615507
4.314981737854225	1.4856220138807759	0.35527132763961133	0.1641893115827693	0.0003156399603229628	2.9906156839812583
5.025834206099932	1.6540000745348051	0.3188047790421598	0.12478010682458185	0.0016413863619960715	3.364715491096098
5.909701227612828	1.9794760787923693	0.7939133880410193	0.1882586752962658	0.0018913826548123955	3.4522638631922984
6.4851286875160294	1.9750938128984272	0.6255008904126486	0.39048201215866063	0.017552250060400083	3.4154205929878687
7.520687264851604	2.422627029094433	1.0054477981656424	0.2623617665590166	0.002532966434965503	3.475705275246637
8.800725138403825	2.8635746551069614	1.4342892693577394	0.16568496969301078	0.00015027307302806946	4.044134898514519
8.092322821798444	2.934636668354344	1.5745594839313934	0.18465697937130462	0.1302041154201986	3.522275439753347
7.966478376341548	3.270537315580601	1.6893839774062873	0.18935393005255488	0.07431407360699704	2.73235062796635
7.323508289098804	3.344824234437662	2.0904958820758526	0.08557146418050138	0.07283085993394765	2.1983704301907543
7.314934838412958	3.272407127746397	1.978273908420227	0.09863765572717663	0.04077649505218162	2.2904208653609355
7.076937975567168	3.1391654734369943	2.193545579537619	0.1015241185781309	0.06902255589629355	2.0746870270728106
7.07694584900389	3.1391658750918445	2.1935598064104704	0.10152241877486176	0.06895950681517579	2.074689748702224
6.903832464227911	2.894646079517234	2.3899935276157662	0.08831181302412638	0.08539424094421683	2.1469005602674613
6.903843693287098	2.894648507746748	2.390010402073975	0.08830936334332848	0.0853669349044412	2.1469033174936856
7.092343546063469	3.2406069818152377	2.900937628046694	0.16819939707834303	0.09338098772637712	2.9552053533837523
7.472629453124864	3.8313884870187653	3.496951970841276	0.15564529232606247	0.24465580335830134	3.000436892721419
7.22901373103055	3.395370594341543	3.4806895873062187	0.17514170958142627	0.17949870074093516	3.7949752068315985
8.11971870187828	4.256563656146395	4.9965065751819715	0.12503815984054784	0.15940521586909967	4.132678273203267
8.119660372781112	4.256552434115065	4.996456484760554	0.1250350483361255	0.159037651218367	4.132688859281882
7.52076385504246	4.338908076717055	5.045212111071639	0.16607645150477054	0.08131835545148973	3.456198259225973
7.547140945132626	4.425002822615242	5.157940445857142	0.2048698896282264	0.085094761942771	3.3761897033299952
6.928082975280069	4.328512817598862	6.370620739946954	0.2226333597398833	0.07851098933708298	3.101926212487029
6.548185746353756	3.291487155153933	6.92918940598998	0.052819520176558214	0.04768020492291535	2.812288497348605
7.083321981957281	3.4195908984619794	7.021968230293065	0.08544756264195953	0.0805792898323799	3.0389005903039505
6.441153595510999	3.105185333889569	7.362541176427532	0.2736634226129792	0.10871888195737665	2.67301505425441
5.826228752315778	2.310414294821753	6.615062417652332	0.3545120111519246	0.1687092270216373	3.2220357374474737
5.826231077644411	2.310420316156712	6.615085528595333	0.3545128538255406	0.1687517877531257	3.222033474690801
6.239097643156444	2.2325031816827874	6.29071299150253	0.4834944057113648	0.08895975742722685	2.364265699789343
6.059471570649121	2.3280484470355747	6.530379716514079	0.42691363827781686	0.19153178348888966	2.4535093851489798
6.056618682837597	2.4117995613727614	6.616939854171947	0.42127235698884774	0.23117721416945639	2.4356634355881925
6.199667859886102	2.7246830278171847	7.8711291165555695	0.5498925348594746	0.4383412967613855	1.9319613767422152
6.309120813323494	2.869069091161098	7.748650013346906	0.528176021281583	0.5894301068212328	1.7396802932114703
5.86570508084306	2.9495669688547546	8.07692525524537	0.3957851555537912	0.6093067705482338	1.7086161577176229
6.205060423429688	3.136144039321129	8.575841785758278	0.28180805871027925	0.7733587928376375	1.556654601958575
6.205054145585869	3.136137822571544	8.57581049230245	0.2818099701489954	0.7733608665885461	1.556659207591542
6.823607241810543	3.424468461027713	8.47515585340509	0.1823217883694828	0.6854237689380512	1.4928523254125912
7.217209578167598	3.5185556832889135	8.784296361187533	0.14502403160465147	0.6808218299684279	1.6646941915206366
7.458624211432404	3.3275799747095616	9.24905439440547	0.11926445861415964	0.7475716439908532	1.6337453385449527
7.4586990851299975	3.3275963577048717	9.249083345420107	0.11925779048691411	0.7475689434282022	1.633746300446202
7.991493632612592	3.570814034636418	10.826437835858032	0.18816010474612752	0.820541311792255	1.5403101293621906
7.595550057588376	3.6959672634286576	11.220853557041186	0.23997333800817894	0.8893764363942624	1.7166527044686808
8.042926057111158	3.6856972392175407	11.917637893847987	0.18083811566362346	0.7386271980261021	2.131356909602827
8.555147351152307	3.9945372782464004	13.509488249378546	0.16904353258764668	0.8751229886780586	2.0492613585533244
9.410069180866099	5.536808004990589	14.821016858458691	0.11402908940598581	0.6948880810787057	2.177815536997385
10.207691159181504	7.226395510432631	14.766803185540626	0.07576386998276607	0.3294142875639966	2.3463735918709294
10.503970440333415	7.315617474784503	15.348324651694517	0.0780888116529511	0.35726511251722864	2.353269682399435
11.8390364684105	8.877605506558114	16.332641621029683	0.06081844321859607	0.5226809994903147	2.4238561701577312
11.839034083889084	8.877608890705394	16.33262718545146	0.06081774330751138	0.5229557658230928	2.4238527015267004
13.619634264613895	8.804597420525992	19.07065375315578	0.06441666005757501	0.9708990151959871	1.968248089761469
14.389154822944898	8.673564795185987	20.19293298762211	0.003616537493331479	1.052359163878038	2.0310448756017405
15.110124775575603	8.737992782006373	20.457263931375188	1.2203038026226444e-5	1.1460686814104009	1.8238179263899423
14.90833592277893	8.412802267620654	20.052452332035546	0.002874987863785609	1.0036569290805728	1.603522373847944
14.811159234470919	8.818206565348731	19.984057460034773	3.997287086546533e-6	1.076104854414323	1.5254114979762137
15.973355884667667	9.139738229133346	20.447798751801383	0.00012959125194361053	1.0085449726524172	1.9338983431498296
16.638738279700217	9.524003087787019	19.90288029656534	0.027766040478521676	1.0665999520997678	2.303970784275613
16.438991408096825	8.697611025700533	19.25739668750261	0.01896221901997806	1.0042873940501689	1.7205940434177887
16.471394104147418	8.936594314559194	18.587263733562164	0.019611171041682994	1.064837333181264	1.689935649030495
17.43686449592356	7.795384597280171	17.876212711448137	0.02813298861703542	1.0233862122665103	1.910721605569425
17.192992681650644	7.821097721918185	17.372813342038857	0.03959814268847817	1.0747399823655697	1.7959833320054528
16.46971330986771	8.010594525739133	16.69963403667259	0.15385303588216806	1.049994819921619	1.8218009770951844
16.202855492890418	7.563612576188236	16.51861729707969	0.1496038344038418	1.108414165266362	1.699507775764802
17.753487147807157	7.65308588837609	16.507897820789122	0.1508185282659831	1.3457113396795566	2.112682674959926
18.271929184993578	7.6938953923342215	15.85204212469631	0.1016719626798072	1.2761919479251784	2.3604143064129257
17.66255559647284	6.510922293985341	15.216793904165794	0.06695267795164582	1.825676418075665	2.4482766162017975
18.04878107911212	6.293575070094203	14.985007815649853	0.023959775041253076	1.6135562721078345	3.190723827439447
17.11254376608251	6.596010028247424	15.407780131744389	0.08080140764814493	1.8463808950523672	3.4995672712497874
16.869621388463372	6.447455226895539	15.613823521559732	0.071294959611495	2.0828019360528782	3.678430049665109
18.038763208492952	6.946834468125687	15.03944969105836	0.01904540876325636	1.8869150947004294	4.240768959536574
18.426074682396564	6.854005752207898	15.271695599904165	0.02044271716287866	1.8930191373799383	4.455104667601819
19.66068631942399	7.853477194122452	16.76693155079376	0.08142021959294853	2.03818151061963	7.039251062943934
19.456680578887003	7.768849916112289	17.05569517243542	0.0246906679660627	2.044557706569199	7.27086825583607
18.039912488206262	7.5937015614891905	15.392663425713378	0.0032598298091367057	1.850118057906335	7.2263106093566645
18.828835632251433	7.654663881320804	15.547235840374247	0.00012397479750891405	1.935601973431635	7.162295729164272
17.050793009926522	6.520384404638265	14.81358954798707	0.043754561724475706	1.7933671036707044	8.995503179993364
17.107279150889227	6.816768728624644	14.785735987474757	0.03570807863716044	1.8939083497807148	9.712151477038079
19.157136826730834	7.177806504713027	16.869615931100466	0.1299050786274213	1.7256405733905178	10.156581604237418
19.251634295237885	7.226076085762124	16.962641185705085	0.1190266694255296	1.7870916051191572	10.371400649320288
19.229642106144862	7.1794405017660665	17.314837186406063	0.0488080008520801	1.4881376535507846	10.385859675516636
18.74197132147375	8.264991328071682	20.023143196965695	0.06470441254784658	1.4544791376763047	9.884856428913746
18.65580833872765	8.564695163376308	20.163971621757327	0.01856200333885164	1.4882183506936137	10.033705624848887
19.09370453351304	8.686413530444469	18.887701615181	0.005484184164998225	1.4722322998270416	10.44325813907313
19.17555339873797	8.573347958677605	18.583497590827747	0.0008917263023150906	1.2980586184958318	10.935725992657021
19.17555339873797	8.573347958677605	18.583497590827747	0.0008917263023150906	1.2980586184958318	10.935725992657021
18.798074616010183	8.469077094021662	19.52592849836581	0.03327768306829058	1.2469723830638249	11.553098022338776
17.599560900392504	8.732036066246037	18.652591878741372	0.027289375283556284	1.1758202387792076	12.462303242907208
17.700593141831394	8.379438181420975	18.034702280698827	0.030562137208991324	1.2148732404066116	13.040705551807907
17.77232950620295	7.767166778761461	17.820354962269057	0.04082436144621825	1.1661915315780758	13.248544404462303
17.77232950620295	7.767166778761461	17.820354962269057	0.04082436144621825	1.1661915315780758	13.248544404462303
18.410003014640726	7.85457346050569	17.51412753293142	0.1109503076399862	1.1369559898910802	14.423011645840132
18.1557764759655	7.9257071832003625	17.771078027748363	0.1625599165061396	1.0649897616020794	15.210023390434413
18.476209526278303	8.676525651749088	16.795490864779747	0.1952143414575779	1.337083634128381	16.224200602020094
19.125604669480296	8.752833333820421	17.40037438699767	0.1753205650805581	1.5367657251391147	16.40028489202449
17.570327446226656	8.226047098849294	16.056050155647117	0.2532150232396047	1.2313043720035595	14.076594130447589
17.237086586412218	7.91272637447349	15.781409765606282	0.32801479207881423	1.142498731851483	14.440435744632206
16.66420243969781	7.659777579596129	14.998767140992772	0.6174325124784013	0.9901444663550951	12.490985075634882
17.231819007021905	8.64105228022014	14.541414613751918	0.5569400804345114	1.1385187292459762	12.948353987083687
16.347784683070675	8.261513207847324	14.55519171840104	0.5693119389128679	1.1638857977250467	12.405493725489961
15.644199834444763	7.994425265949007	14.618431808422889	0.4991116518351873	1.1963987328775447	12.611646075705458
