2.7360018557965025
2.6779795368432238
2.364189213087235
3.146034767517979
2.309167154298061
1.9914199700244366
2.8569476898689117
1.934927763260917
3.063746717518054
2.4425357849181237
3.155382141498548
3.157290335558711
4.132320991295215
2.2648638150675913
2.3231406219072435
2.4838393097981686
2.1289030202152186
2.6691461050438323
2.5909866557760477
4.410530624194426
1.9145514247669169
3.1545158123622987
2.3605917405128993
2.6924485933362927
3.3339500468527907
3.5811120210131766
2.7635422354042425
2.5063934965560297
2.658163432280641
3.0564747016735225
3.4189736045729897
2.6363503249537823
2.5714560661580954
3.2006881694899283
2.8278354007686706
2.60918172786965
2.7386293369976564
2.6410971407794075
3.530365047750562
3.4866762118879904
2.928230689541182
3.6138331311350145
3.185611318684721
3.23208737282082
2.8679659561667807
2.992933382780041
2.4308635174729054
2.124666644087396
2.6880740203967646
2.8677909752904056
2.7482447381060657
3.4595078699725708
4.147215468636291
3.400464991867748
3.302899798618929
2.8967217965785346
2.579695392085635
2.6189911409429585
2.5316647552630713
2.0806035437451653
2.2733296142775323
2.4743984088917546
2.5310302440799983
3.0810058619314233
2.443511836610596
3.0920471886355103
3.035570619592129
2.932925931424484
4.176176877375649
2.510170900151913
3.1206179159395266
2.5937826940899353
2.705901963986463
2.199324179307483
2.530304721425517
2.594520187355293
2.2490333397296345
3.1380564045184576
2.6526263513277004
3.1531447591511186
2.260081605860221
2.3523758659320677
2.44655055657742
2.1671330470221055
3.74371457527658
2.1507301202483484
3.0024288018693324
1.8483182315012339
2.5626562248014775
2.5768585140831477
3.248471682992994
2.27570205229196
2.696294155745732
2.5502781774715513
3.158871214559973
2.761823056822962
3.077445866136842
2.7542284805868533
4.70377740923672
3.335576076731074
2.2369798986762475
2.8107264268978978
3.6606028856238852
3.1557580780025747
2.51437948028493
2.3014700580722063
3.3422406882241877
2.7933432420352844
2.7527994334987276
2.0786880192702184
2.48224985279505
4.075752587642892
3.087085796239562
2.397804859860706
3.3350231057804187
3.3883296561093617
2.4840388249289167
2.5481652488891657
2.848379333595799
3.477536889888936
2.08206395436865
2.9285267721278436
2.2123145502569552
2.369719822298265
3.121469181810959
2.73431058023612
2.677826608110532
4.063384356232773
2.284560178910537
2.074133382832557
2.5808136773321064
2.938776632780105
2.5194691140778374
2.2944117154290127
3.663420524940567
4.311028767886666
2.173928889041402
3.032089013013902
2.8434461774314927
3.3339279856648574
2.536388286514835
3.6763112352252265
4.142694648842447
2.868421086592357
3.044290648956057
5.171866436158677
3.1236786337083022
2.697590285522388
2.202196772135554
2.5601226879020555
2.464966310750878
2.3518685522139804
2.3818194342517938
2.7574032445923775
3.0682880509002075
2.6758486055774866
3.154463453632077
2.5190208088646675
3.9985359420881563
2.441721306044546
4.668104537342953
2.4321473152605186
2.8588177866377436
2.618976520500968
3.1398233599256815
3.2826418784207942
2.313412249092043
3.222622932141023
2.5234388994253685
2.7656281647727576
2.7548728261860584
2.3260172806163064
3.070047713040924
3.568225148818636
3.3364964234735344
2.85430401250849
2.5674315465944373
2.099292889069578
2.877355472197859
4.233224455444406
2.8645978348088734
2.5662435142632134
2.8306841784012136
2.623150712692976
3.0747221637533815
3.4230733082687372
2.986148684138452
3.0654132241578225
2.241248504743215
2.8983686680236564
2.580340714923001
2.712785820771472
3.0152679561401987
2.839628471843711
2.635389086017489
3.5779228754284578
3.0212905433971042
2.7210822560850536
3.3802812395493396
3.4181685710368326
3.1297436192534662
2.8405012073988654
2.292244380248997
2.595422548556114
3.2341947943723937
2.435494232261732
3.3558347030778535
3.5102772834772193
3.6935402111175337
2.5929741964184574
2.702519095550872
2.699629746182839
2.357315787046565
2.328064095733506
2.0492187401084325
2.7816702813065928
3.3422828159196287
3.447128597206134
2.591260069248324
2.3722990914474633
2.9306614258569303
3.281961053464501
2.4591100160156083
2.894291019310573
1.7714741749306302
2.4705970555224184
2.999946853623779
2.2873728453285347
3.324403098141457
2.5449783973150812
2.3163247916337895
3.1805519409435195
2.2788798336316543
2.2524732689568157
3.1962644146343253
2.8324300335689427
2.5498516066029833
2.596497485401806
4.169647134881904
3.024314366938119
2.7167291669532476
3.10185894574712
2.4979623977255923
2.6108349843468255
2.351265594820984
2.4260082353542507
2.9181075303672035
2.056425791356354
3.455374136485345
5.095240916871125
3.093039226946822
2.399632390050096
2.350642542088293
2.6487441299841805
3.5316913250076363
3.26211050878411
2.5168078815264443
2.7242764951831417
2.800160496581488
2.5577232980820583
3.6138224748237855
4.478838072524318
2.269094959812681
3.289605292784405
4.104134608890586
2.531637165444971
2.531363854466096
3.2996055604717243
2.221877748046935
2.055913088810143
2.448157869487732
3.8794310148023743
2.242584273722991
2.460677209847483
3.060781453032605
3.2150446251897904
2.608841444123894
3.1126148030149823
2.875993333577814
3.0372715972607187
2.4646989928563454
3.316786179578206
1.655107205434539
2.5299443055889506
2.607147025133006
1.8803503169693345
2.212975703338979
2.736773306523434
3.873125912355846
1.9931835257740704
3.128076207631974
3.438435112344095
3.6030410348392556
2.422430651679447
2.0812599134473593
3.1709322129806536
4.876307618829624
3.3497002514753635
2.817426415929371
3.177907388547035
2.774514842939556
2.4653442387898394
2.4984481009597785
2.690207985775587
3.0334237196840723
2.1837221722376783
2.858404975743663
2.4449941711188656
2.6940936239596858
3.3481552658510907
2.6095238496789297
2.715789029958257
2.8477669073390754
4.673754239090925
2.5631865703961565
3.4467444788723642
2.908068009738221
2.568789840953062
1.8756767435921684
2.938899498036564
2.844876254978336
3.3617687172847535
3.1080711467761826
2.80748139374891
2.5057823787659608
3.0017217184148404
3.0104060320873702
2.758642967643493
3.0195369230274114
5.792361112661443
2.3378834390842935
3.512311625639104
2.507516868191264
3.6434858080420285
2.2126952314433908
3.56072800996829
2.7972499089829386
2.546876060408293
2.4810955684900398
4.631084554038615
2.6561561359473957
2.77082297604081
2.4306029897819585
2.1919232814299483
2.519224591270987
2.6053451767269613
2.5813618414589796
1.9646893446645934
2.3472400728724185
3.4793310036669065
3.078396807488317
1.7972840980903295
2.992864299743883
3.1386790129419806
3.1880110931947128
3.0371348577639354
2.982242058078628
2.6898278655370507
3.2917830321129973
2.9490713637381725
2.8526078266535255
2.311691712916027
3.8688065024957843
2.859097654718316
2.7023345982229463
3.123866900036534
2.5901192908566353
2.369931030579012
3.614213853601701
3.4578630867148923
2.8617809864818056
2.687455663697917
2.761487314172849
2.577268740165374
3.482559491532979
3.777804112463576
3.0069386873734367
3.7470006013655692
2.237528253230251
2.8511018865264948
2.6144348971537843
3.6226022104594224
3.1800085075583295
2.3041040948442792
2.602954822248858
2.2432485835014075
2.7234769359334443
3.7082453685968257
2.8653461820509527
2.7227491075274926
3.3478491334282667
2.918391975112333
2.6390353432495686
2.268944615264997
3.070656700482079
2.897220474910437
2.880534423854402
2.6840794560844565
3.1311978516940706
2.5218123997589847
2.8726405166084343
2.7657246591224163
3.3896311759202393
2.9196953638697023
2.955027141591701
2.849422171938334
2.1846849136386504
4.738683487370465
2.758136462176018
2.355453560568173
2.9588102228338893
2.1840189605307954
2.3878187291926682
2.712438420655809
3.407436904457975
2.842552157424265
2.4155130055551903
3.1623794082792984
2.786897454213039
2.8017524450405267
3.0103874222448317
2.3492019017648875
3.2624607790116453
3.125532697195337
2.5195657706040593
2.6728407391944997
2.8397575857867254
4.1838312409908065
2.3584198410409467
2.3194655316666086
2.792659502317023
2.216437838226481
3.528674352581981
4.044226460552343
3.77130013318342
2.1415737789809333
4.348911983248651
2.624929710422035
2.8584748181409254
2.3303571028520276
4.136705008114063
2.947674607442705
3.078503795615967
3.0327789843129507
2.0739399056540835
2.8987680539999734
3.30790165790165
2.99466666806306
2.2203413926388422
2.534202809267125
2.9804032240869383
2.571383296194916
2.8556962314855903
3.0284914394656854
2.351885170248252
2.766406610763348
4.232261612617686
3.170114860508837
2.6568550649651916
2.8850641620312705
2.8072949146981574
2.448863713112134
2.8584399098594067
3.1843987743559383
2.2262938811945756
2.598429532589628
2.6377246524168547
5.266280313813323
2.274957549142838
3.2516928324382603
2.7138603391430105
2.9680648740562297
2.555167125848263
2.7697766470981304
3.597686375389346
1.870615130033598
2.693366224227479
3.068362823092833
2.153677241380217
2.227060049651019
2.336920774284435
2.2154005330043427
2.1455614056876384
3.0476330576527855
3.1677482308355063
1.7993651767751415
2.8862859162864822
3.5151670912211945
2.2703027574742376
2.2500504768164813
3.285651178287466
2.2063081301809837
2.471097181602226
2.7701940512863783
2.696789881175573
2.634283590690014
2.3424385338623006
3.116133474578462
2.3456523490560617
2.3615143196076915
2.4010767664226793
3.2810372774572945
2.6884611128691533
2.850105681497964
2.5276411680066406
3.4091511577528832
3.074892288424509
3.4201401464431074
3.007032577616051
5.349525380976254
4.402849977346098
3.6021117431456564
2.584018308205162
3.89988006991655
3.4464119223482523
3.4422237357145904
3.4241268880334443
6.230152229943014
2.5518852208049565
2.6269804340546234
3.427891400713345
2.519397780027917
4.224150731554781
2.5412161410357963
2.725112148276184
2.7029401759291685
2.510947669480378
2.758244611830837
2.794668285957855
3.0525175397314497
2.710537105561054
2.355002048227462
2.211760235868941
2.9507394971786898
3.3160915316817117
3.26383591334919
2.874537464753052
2.0787093811757904
2.413919296425891
3.0115456233386615
2.6742011729093567
3.5784682384278104
2.638205823930451
2.9289353718169497
2.413481793280642
3.462758889153973
2.470041603330641
3.33105296478166
3.356026386270956
2.4569911639278876
2.5181847309816052
3.780497273474181
3.211072455755281
2.759403119424114
2.510814140976889
3.0616032707719443
2.669349812171658
2.2961209622356105
2.259308699174758
2.7940145699618104
2.2943959128513263
3.414234617262435
3.5363503274425767
2.2753336600534575
2.2844771914346147
2.6382172108705286
3.955798290579731
2.421456888059549
3.00498052410369
2.7476011013819135
3.2779852396207207
2.316848232107512
5.0765139252191185
3.8564765424055856
2.0186669525932692
2.292336017963661
2.4582887235505813
2.3854161739811977
2.2434635196248522
2.5692459319617122
3.584932814680932
2.499346960262598
1.9064044109691094
2.5755987767779525
2.850092911230438
1.9995625288350882
2.4368382961691064
4.184076861952866
3.1627204651653336
2.9029212213818663
2.128463917331466
2.6989653171344754
2.95959622631817
2.5524854325145765
3.7261579854251083
2.7330811369828965
2.2885588026592045
2.3553821410713716
2.595052541276067
2.077887883118838
3.1058315321218446
3.6568831651773452
3.3942640037221303
2.364348836274935
3.6387615028062896
2.2241452910723374
4.218190456290354
4.016272425656286
2.596374318720317
1.922260388705384
1.9238897251866995
2.2878523172378866
2.4978270277634556
2.526673131127554
2.895767904631929
2.3770779343613317
2.4325274586483454
2.160387701128277
2.5526710313276624
4.548550765389403
2.775933779865118
2.2783624291548152
4.15137244158001
3.5924627246578353
3.3733027019989787
2.70142783325728
2.620163146969265
2.7472668808686858
2.4753657961379454
2.9461116875538083
2.658904114005395
2.619475885431558
2.5810799339335366
2.740850228452882
3.5547801696644403
1.8853714571094045
2.6131326199042113
3.1804523375164946
2.8911103525591253
3.6310080225922112
2.8156350367494234
2.9637646537272313
3.500235134481985
2.8804973129855047
3.181578464988877
2.950585858057349
1.8892311254596368
3.7550285805821146
4.3893992687290275
2.8043873435752706
3.309635772448474
2.375326223740841
2.7005965649003136
2.554949764079319
4.200779089974491
3.188988747269347
3.308701011671599
2.2275861085953466
3.949189309645279
2.917286253177173
1.87084254479802
3.043503109731684
1.8846684650016048
2.431785331167021
2.199315090665047
2.5858884100219477
3.155624184803213
3.0134379465521106
2.489133520628408
2.500977321774896
3.1698502828533557
3.0896938115272907
2.1257344175905524
3.185960814954351
3.103911545632698
2.374332214232949
2.1319620366487126
3.273266381812024
2.804783194439593
2.235966490744843
2.9962674288329287
4.038275481675556
2.640952636621005
2.2569447997999994
2.7246336719413473
2.976320833758927
2.764201616424141
2.334781036899905
3.2774437515117785
3.103903243816302
2.613050265024737
2.8671356774365924
3.141260987836869
3.087676785100111
2.6531874293845634
3.150069852384744
2.8519116428538087
3.9667173808121676
3.2009959726036388
2.2577101701169444
2.7765873295099657
4.630934484562129
2.29743749329882
4.791594008393488
2.899005933331602
2.8632955131758218
3.6646393060949918
3.2460366241415937
3.249948131851629
2.316727372306371
2.667614069176983
3.14422583003534
3.0905569010339726
2.4754660791490566
2.4368614242783333
3.1483185524124986
3.9044803595697455
3.29913425360925
2.64983894470725
2.6120468976871583
3.5351071482858623
4.247163799582482
2.3662077681249647
2.7500817705501315
3.102308381147686
3.6450728949259505
5.350498638295114
3.23106825161791
2.4531269949870986
2.7267230721965245
2.4525596228901096
2.754034764202141
3.9623181659013396
3.0222445995698686
3.2467654601646685
2.4041695530220855
3.353175368791964
3.769724769700088
2.7262012587686404
3.0900125287148326
2.3578527967014904
2.584249403291607
2.776925801619498
4.282663444646176
2.6116480466939715
2.4853328573083795
3.279222800660444
3.1819598377923293
3.1901092343355364
4.285032339730602
3.1875743167361303
2.364929439129521
3.0291604285335922
2.4870227279391934
2.1133031259098334
2.5249164465298626
4.22121988882531
2.4369207313876675
1.6897249265765066
3.695137160837408
2.5424903826998033
3.1990605987615863
2.8138628072106475
3.9096479369033763
3.804728101029532
2.716704474542505
2.6402524685093773
2.18884842430198
3.237438995936821
3.00823411918561
2.8321622106772293
2.7027296068613227
2.2404249007504053
2.5227206739375116
2.7027476182527894
2.900012526875656
2.8907812697420914
2.645550032595733
2.763962808882698
3.2815788676277178
2.3648880759456374
4.4694808827400685
4.4599290273012935
2.3685019995266305
2.6426788083841575
1.7436458458583557
2.6244663393782024
2.9222863247214637
2.519370858148654
2.549864946588536
2.4622669020644934
1.7617832943542455
1.9817827785399325
2.6671414924257917
3.327013870773413
2.5439060820819304
3.0081988781509414
3.0998942522953294
2.207345016081126
2.511076377208893
2.389750292144104
2.5531066758551715
2.9270048694829884
4.174053600070861
2.689625119629415
3.398442240711038
3.382624837448183
2.891446454439852
2.0977295400201132
3.903178880171132
2.2195305795163582
3.131704163397157
2.390117456205863
3.09056238823715
3.895135680395067
3.4294390246259825
2.604258238520733
2.170942701219774
2.1725839073270263
2.778663362576335
2.619283908391083
2.234492189767675
2.3591115449652804
2.173577256814219
2.5726069835834413
3.0842757917557195
3.0033775208178417
2.2941104876364378
3.9044682452764587
3.030471568601969
2.1112303323025943
2.553343734881138
1.821233482462237
2.1331817400610666
3.034563671493731
2.3107519836021284
5.253203483283121
2.4640573021304806
2.9006472765332507
3.8015517763528317
2.805731376643323
2.797012440598167
2.481137272049562
2.640532239937836
2.7571325881116038
3.240515988653621
3.1651386186391686
2.845236412772253
3.055911578950633
3.4703705176678317
2.0333619811083468
1.988280653422251
3.4497159990998507
2.591753428442891
2.8143690813286004
2.238699230162525
3.013444274579024
2.2322892488069543
4.08683940650989
4.475816733753648
2.4244628214855855
2.9738132729642097
3.6598067770725913
3.0875425852448863
3.1768932162093373
2.92113494964641
2.099080692924097
2.551662478836413
4.2800434017396665
2.5396256757193876
2.632118507206696
2.436248402897131
2.401962714708549
2.8306766449757546
2.6307457300151467
3.300993472282571
3.0022279552093396
2.4690923961275275
3.812497574226703
3.3882107995004516
3.4628405861516107
2.7579513963563076
3.6277933849004036
1.9757192121129175
2.8091970138498845
2.328879427581655
2.3063137867388255
5.365376682899529
2.2088530316495176
2.8815899911299008
2.7718705444033844
2.124882561137404
4.475545827530316
3.3215046101805403
2.1162959807515542
4.091759818252152
3.9265167304429593
3.803696646983022
3.706537874677043
2.877125999882292
2.191419103781163
2.9577335896274017
2.285170688324262
3.231945302181025
3.400517622601686
3.369774493183063
3.251035287034734
2.6864098421330143
2.4875596830849114
2.2978809590333213
2.292163007357223
3.327368559191565
2.309564628410605
1.8218283825499688
2.332704816500943
4.9858519971981
4.290717472251908
2.6052718730886566
2.441656961478417
3.4941034586663293
2.3745665778583693
3.0657879417586464
3.038819231938373
5.084462300072053
2.4579138406697694
2.3800743974451986
2.7206757115497098
2.9390092324608097
2.789871500000545
2.9046283500601002
3.5783385337241507
2.5018400807759127
2.813083723729306
2.9629123985222994
3.5248368803819305
3.603635426861733
2.8870136520711784
4.262161771672122
2.595340292459124
2.5760459512750336
3.7235597316248046
3.0124827184908383
3.2809721775782985
2.827292241313754
3.3817849392674577
2.487105914877609
4.233845318219476
2.371055970416669
2.8608818076936986
1.754152504136858
3.7345898129005644
3.264365027952832
2.794981967876641
2.14603537731673
3.0709276464945807
2.290062240130613
3.709273016829705
2.8750614936589627
3.2585552614737017
3.2103686149281216
3.1981998991527565
2.4482362204366104
2.5433595023093503
3.2283724845004342
3.5256241892049514
4.364953044726253
3.100747038510004
3.066666839762905
2.7805428930361535
3.0834394085484984
2.97011018593635
3.0901703348828127
2.458038656767075
3.735580365805172
2.7298821156938944
2.547460120597682
2.7156279738876505
3.3632723450906674
3.1347500857760173
2.3385115817598554
2.502990698423726
2.9388033892903107
2.850467638645936
2.9676399087765386
4.527398439448906
3.8595916574702094
2.5235383580541404
3.27048964009795
2.556161477000892
2.1175255659978216
3.40436755660771
1.7534145420315692
3.261470032515259
2.2244748597635775
1.9458677953171688
3.0349480813604375
2.4452473459509902
3.4184474948915957
4.370866936428319
2.6902896933099387
