0.0	0.0	0.0	0.0	0.0	0.0	0.0	0.0	0.0	0.0	0.0	0.0	0.0	0.0	0.0	0.0	0.0	0.0	0.0	0.0	0.0	0.0	0.0	0.0	0.0	0.0	0.0	0.0	0.0	0.0	0.0	0.0	0.0	0.0	0.0	0.0	0.0	0.0	0.0	0.0	0.0	0.0	0.0	0.0	0.0	0.0	0.0	0.0	0.0	0.0	0.0	0.0	0.0	0.0	0.0	0.0	0.0	0.0	0.0	0.0	0.0	0.0	0.0	0.0	0.0	0.0	0.0	0.0	0.0	0.0	0.0	0.0	0.0	0.0	0.0	0.0	0.0	0.0	0.0	0.0	0.0	0.0	0.0	0.0	0.0	0.0	0.0	0.0	0.0
5.5591301613191915	0.0	0.0	0.0	0.0	0.0	0.0	0.0	0.0	0.0	0.0	0.0	0.0	0.0	0.0	0.0	0.0	0.0	0.0	0.0	0.0	0.0	0.0	0.0	0.0	0.0	0.0	0.0	0.0	0.0	0.0	0.0	0.0	0.0	0.0	0.0	0.0	0.0	0.0	0.0	0.0	0.0	0.0	0.0	0.0	0.0	0.0	0.0	0.0	0.0	0.0	0.0	0.0	0.0	0.0	0.0	0.0	0.0	0.0	0.0	0.0	0.0	0.0	0.0	0.0	0.0	0.0	0.0	0.0	0.0	0.0	0.0	0.0	0.0	0.0	0.0	0.0	0.0	0.0	0.0	0.0	0.0	0.0	0.0	0.0	0.0	0.0	0.0	0.0
5.24860034626485	3.6141160054604535	0.0	0.0	0.0	0.0	0.0	0.0	0.0	0.0	0.0	0.0	0.0	0.0	0.0	0.0	0.0	0.0	0.0	0.0	0.0	0.0	0.0	0.0	0.0	0.0	0.0	0.0	0.0	0.0	0.0	0.0	0.0	0.0	0.0	0.0	0.0	0.0	0.0	0.0	0.0	0.0	0.0	0.0	0.0	0.0	0.0	0.0	0.0	0.0	0.0	0.0	0.0	0.0	0.0	0.0	0.0	0.0	0.0	0.0	0.0	0.0	0.0	0.0	0.0	0.0	0.0	0.0	0.0	0.0	0.0	0.0	0.0	0.0	0.0	0.0	0.0	0.0	0.0	0.0	0.0	0.0	0.0	0.0	0.0	0.0	0.0	0.0	0.0
3.8094536604845963	2.740916872502408	3.6491333680798337	0.0	0.0	0.0	0.0	0.0	0.0	0.0	0.0	0.0	0.0	0.0	0.0	0.0	0.0	0.0	0.0	0.0	0.0	0.0	0.0	0.0	0.0	0.0	0.0	0.0	0.0	0.0	0.0	0.0	0.0	0.0	0.0	0.0	0.0	0.0	0.0	0.0	0.0	0.0	0.0	0.0	0.0	0.0	0.0	0.0	0.0	0.0	0.0	0.0	0.0	0.0	0.0	0.0	0.0	0.0	0.0	0.0	0.0	0.0	0.0	0.0	0.0	0.0	0.0	0.0	0.0	0.0	0.0	0.0	0.0	0.0	0.0	0.0	0.0	0.0	0.0	0.0	0.0	0.0	0.0	0.0	0.0	0.0	0.0	0.0	0.0
5.2720185931856625	4.6351611446690635	4.993752555542567	5.6123468818076265	0.0	0.0	0.0	0.0	0.0	0.0	0.0	0.0	0.0	0.0	0.0	0.0	0.0	0.0	0.0	0.0	0.0	0.0	0.0	0.0	0.0	0.0	0.0	0.0	0.0	0.0	0.0	0.0	0.0	0.0	0.0	0.0	0.0	0.0	0.0	0.0	0.0	0.0	0.0	0.0	0.0	0.0	0.0	0.0	0.0	0.0	0.0	0.0	0.0	0.0	0.0	0.0	0.0	0.0	0.0	0.0	0.0	0.0	0.0	0.0	0.0	0.0	0.0	0.0	0.0	0.0	0.0	0.0	0.0	0.0	0.0	0.0	0.0	0.0	0.0	0.0	0.0	0.0	0.0	0.0	0.0	0.0	0.0	0.0	0.0
5.848476258417819	4.380891616867589	4.312284232865571	4.327910342644833	5.3078849884618835	0.0	0.0	0.0	0.0	0.0	0.0	0.0	0.0	0.0	0.0	0.0	0.0	0.0	0.0	0.0	0.0	0.0	0.0	0.0	0.0	0.0	0.0	0.0	0.0	0.0	0.0	0.0	0.0	0.0	0.0	0.0	0.0	0.0	0.0	0.0	0.0	0.0	0.0	0.0	0.0	0.0	0.0	0.0	0.0	0.0	0.0	0.0	0.0	0.0	0.0	0.0	0.0	0.0	0.0	0.0	0.0	0.0	0.0	0.0	0.0	0.0	0.0	0.0	0.0	0.0	0.0	0.0	0.0	0.0	0.0	0.0	0.0	0.0	0.0	0.0	0.0	0.0	0.0	0.0	0.0	0.0	0.0	0.0	0.0
6.105188193650606	5.4571464345308245	5.396996163633468	5.631422194448395	5.396028943240109	5.391936988759561	0.0	0.0	0.0	0.0	0.0	0.0	0.0	0.0	0.0	0.0	0.0	0.0	0.0	0.0	0.0	0.0	0.0	0.0	0.0	0.0	0.0	0.0	0.0	0.0	0.0	0.0	0.0	0.0	0.0	0.0	0.0	0.0	0.0	0.0	0.0	0.0	0.0	0.0	0.0	0.0	0.0	0.0	0.0	0.0	0.0	0.0	0.0	0.0	0.0	0.0	0.0	0.0	0.0	0.0	0.0	0.0	0.0	0.0	0.0	0.0	0.0	0.0	0.0	0.0	0.0	0.0	0.0	0.0	0.0	0.0	0.0	0.0	0.0	0.0	0.0	0.0	0.0	0.0	0.0	0.0	0.0	0.0	0.0
8.127603059838684	7.443319296865045	7.316387355553634	8.025714883020912	8.005290231849653	7.296265227156302	8.27577797404486	0.0	0.0	0.0	0.0	0.0	0.0	0.0	0.0	0.0	0.0	0.0	0.0	0.0	0.0	0.0	0.0	0.0	0.0	0.0	0.0	0.0	0.0	0.0	0.0	0.0	0.0	0.0	0.0	0.0	0.0	0.0	0.0	0.0	0.0	0.0	0.0	0.0	0.0	0.0	0.0	0.0	0.0	0.0	0.0	0.0	0.0	0.0	0.0	0.0	0.0	0.0	0.0	0.0	0.0	0.0	0.0	0.0	0.0	0.0	0.0	0.0	0.0	0.0	0.0	0.0	0.0	0.0	0.0	0.0	0.0	0.0	0.0	0.0	0.0	0.0	0.0	0.0	0.0	0.0	0.0	0.0	0.0
8.339642830976894	7.576579080371589	7.397504357631379	7.820418176129433	7.7589138968706886	7.0487850996475885	7.657348431505882	6.341442007065036	0.0	0.0	0.0	0.0	0.0	0.0	0.0	0.0	0.0	0.0	0.0	0.0	0.0	0.0	0.0	0.0	0.0	0.0	0.0	0.0	0.0	0.0	0.0	0.0	0.0	0.0	0.0	0.0	0.0	0.0	0.0	0.0	0.0	0.0	0.0	0.0	0.0	0.0	0.0	0.0	0.0	0.0	0.0	0.0	0.0	0.0	0.0	0.0	0.0	0.0	0.0	0.0	0.0	0.0	0.0	0.0	0.0	0.0	0.0	0.0	0.0	0.0	0.0	0.0	0.0	0.0	0.0	0.0	0.0	0.0	0.0	0.0	0.0	0.0	0.0	0.0	0.0	0.0	0.0	0.0	0.0
8.631128501251272	7.678011745304402	7.650241635741729	7.948662617827402	7.984475400435111	7.353531672062444	7.853549422648981	7.615630621126212	6.79061724927013	0.0	0.0	0.0	0.0	0.0	0.0	0.0	0.0	0.0	0.0	0.0	0.0	0.0	0.0	0.0	0.0	0.0	0.0	0.0	0.0	0.0	0.0	0.0	0.0	0.0	0.0	0.0	0.0	0.0	0.0	0.0	0.0	0.0	0.0	0.0	0.0	0.0	0.0	0.0	0.0	0.0	0.0	0.0	0.0	0.0	0.0	0.0	0.0	0.0	0.0	0.0	0.0	0.0	0.0	0.0	0.0	0.0	0.0	0.0	0.0	0.0	0.0	0.0	0.0	0.0	0.0	0.0	0.0	0.0	0.0	0.0	0.0	0.0	0.0	0.0	0.0	0.0	0.0	0.0	0.0
8.83603151382555	7.913942222867997	7.789786726141328	8.234854895071592	8.152536053488193	7.5143947356936245	8.146819672397877	7.327221320258761	7.084269434077394	7.111833166180829	0.0	0.0	0.0	0.0	0.0	0.0	0.0	0.0	0.0	0.0	0.0	0.0	0.0	0.0	0.0	0.0	0.0	0.0	0.0	0.0	0.0	0.0	0.0	0.0	0.0	0.0	0.0	0.0	0.0	0.0	0.0	0.0	0.0	0.0	0.0	0.0	0.0	0.0	0.0	0.0	0.0	0.0	0.0	0.0	0.0	0.0	0.0	0.0	0.0	0.0	0.0	0.0	0.0	0.0	0.0	0.0	0.0	0.0	0.0	0.0	0.0	0.0	0.0	0.0	0.0	0.0	0.0	0.0	0.0	0.0	0.0	0.0	0.0	0.0	0.0	0.0	0.0	0.0	0.0
9.02725729922914	8.076834350366925	7.852379611363409	8.273574827999182	8.460227326295769	7.62552227104161	8.116221333836922	8.252556311662675	7.970051788294554	7.156046877673979	8.800814404534725	0.0	0.0	0.0	0.0	0.0	0.0	0.0	0.0	0.0	0.0	0.0	0.0	0.0	0.0	0.0	0.0	0.0	0.0	0.0	0.0	0.0	0.0	0.0	0.0	0.0	0.0	0.0	0.0	0.0	0.0	0.0	0.0	0.0	0.0	0.0	0.0	0.0	0.0	0.0	0.0	0.0	0.0	0.0	0.0	0.0	0.0	0.0	0.0	0.0	0.0	0.0	0.0	0.0	0.0	0.0	0.0	0.0	0.0	0.0	0.0	0.0	0.0	0.0	0.0	0.0	0.0	0.0	0.0	0.0	0.0	0.0	0.0	0.0	0.0	0.0	0.0	0.0	0.0
9.101427282517438	8.241226278468714	8.180550967964647	8.521203451581737	8.514736595393202	7.904461316572102	8.055435555237954	8.432108271600244	7.677732981662517	6.985195492675351	7.725831375744409	6.573948574990378	0.0	0.0	0.0	0.0	0.0	0.0	0.0	0.0	0.0	0.0	0.0	0.0	0.0	0.0	0.0	0.0	0.0	0.0	0.0	0.0	0.0	0.0	0.0	0.0	0.0	0.0	0.0	0.0	0.0	0.0	0.0	0.0	0.0	0.0	0.0	0.0	0.0	0.0	0.0	0.0	0.0	0.0	0.0	0.0	0.0	0.0	0.0	0.0	0.0	0.0	0.0	0.0	0.0	0.0	0.0	0.0	0.0	0.0	0.0	0.0	0.0	0.0	0.0	0.0	0.0	0.0	0.0	0.0	0.0	0.0	0.0	0.0	0.0	0.0	0.0	0.0	0.0
8.694063731333642	8.062291004037075	7.891830017236403	8.156509390040737	8.091819977282803	7.535612894306109	7.7062076428429	7.748762572753585	7.547482395895595	7.270720918449774	6.9625637828979485	6.742083028937566	6.929691527954607	0.0	0.0	0.0	0.0	0.0	0.0	0.0	0.0	0.0	0.0	0.0	0.0	0.0	0.0	0.0	0.0	0.0	0.0	0.0	0.0	0.0	0.0	0.0	0.0	0.0	0.0	0.0	0.0	0.0	0.0	0.0	0.0	0.0	0.0	0.0	0.0	0.0	0.0	0.0	0.0	0.0	0.0	0.0	0.0	0.0	0.0	0.0	0.0	0.0	0.0	0.0	0.0	0.0	0.0	0.0	0.0	0.0	0.0	0.0	0.0	0.0	0.0	0.0	0.0	0.0	0.0	0.0	0.0	0.0	0.0	0.0	0.0	0.0	0.0	0.0	0.0
7.974488165421998	7.345131222849494	7.072059057801787	7.379648775703979	7.822036538845262	7.076842885591379	7.162312001018105	7.650639141170543	7.638197805540966	7.293784461592516	7.356918126595742	6.607292547908945	6.643940708492679	8.467415599783628	0.0	0.0	0.0	0.0	0.0	0.0	0.0	0.0	0.0	0.0	0.0	0.0	0.0	0.0	0.0	0.0	0.0	0.0	0.0	0.0	0.0	0.0	0.0	0.0	0.0	0.0	0.0	0.0	0.0	0.0	0.0	0.0	0.0	0.0	0.0	0.0	0.0	0.0	0.0	0.0	0.0	0.0	0.0	0.0	0.0	0.0	0.0	0.0	0.0	0.0	0.0	0.0	0.0	0.0	0.0	0.0	0.0	0.0	0.0	0.0	0.0	0.0	0.0	0.0	0.0	0.0	0.0	0.0	0.0	0.0	0.0	0.0	0.0	0.0	0.0
7.8266819266624825	7.233188692066474	7.182489596160111	7.314152670735541	7.569555576232228	7.102280715561882	7.105392427651406	7.605208259387115	7.769661142204217	7.274071244728326	7.257467773902992	6.663544505836439	6.59697317507319	7.653586043768096	7.3358178375217555	0.0	0.0	0.0	0.0	0.0	0.0	0.0	0.0	0.0	0.0	0.0	0.0	0.0	0.0	0.0	0.0	0.0	0.0	0.0	0.0	0.0	0.0	0.0	0.0	0.0	0.0	0.0	0.0	0.0	0.0	0.0	0.0	0.0	0.0	0.0	0.0	0.0	0.0	0.0	0.0	0.0	0.0	0.0	0.0	0.0	0.0	0.0	0.0	0.0	0.0	0.0	0.0	0.0	0.0	0.0	0.0	0.0	0.0	0.0	0.0	0.0	0.0	0.0	0.0	0.0	0.0	0.0	0.0	0.0	0.0	0.0	0.0	0.0	0.0
7.914091993203278	7.296618358631969	7.1480648161197635	7.507593008974838	7.648807636044295	7.07520665488526	7.379161397405198	7.469879051808306	7.529485935537291	7.288075423474854	7.074319051644255	6.453439702702997	6.635373945992164	7.523692593548251	6.308916790224643	6.744474270970302	0.0	0.0	0.0	0.0	0.0	0.0	0.0	0.0	0.0	0.0	0.0	0.0	0.0	0.0	0.0	0.0	0.0	0.0	0.0	0.0	0.0	0.0	0.0	0.0	0.0	0.0	0.0	0.0	0.0	0.0	0.0	0.0	0.0	0.0	0.0	0.0	0.0	0.0	0.0	0.0	0.0	0.0	0.0	0.0	0.0	0.0	0.0	0.0	0.0	0.0	0.0	0.0	0.0	0.0	0.0	0.0	0.0	0.0	0.0	0.0	0.0	0.0	0.0	0.0	0.0	0.0	0.0	0.0	0.0	0.0	0.0	0.0	0.0
7.512955229931916	6.956614462129688	6.686152005152107	6.963174600604368	7.545939917233899	6.812004006210426	7.035774006241451	7.819085903557121	7.817969003408832	7.590930781437504	7.704712787763448	6.849204234465888	6.9744366460246825	8.635772285868505	6.548474675740077	6.941794431420237	7.994671939189469	0.0	0.0	0.0	0.0	0.0	0.0	0.0	0.0	0.0	0.0	0.0	0.0	0.0	0.0	0.0	0.0	0.0	0.0	0.0	0.0	0.0	0.0	0.0	0.0	0.0	0.0	0.0	0.0	0.0	0.0	0.0	0.0	0.0	0.0	0.0	0.0	0.0	0.0	0.0	0.0	0.0	0.0	0.0	0.0	0.0	0.0	0.0	0.0	0.0	0.0	0.0	0.0	0.0	0.0	0.0	0.0	0.0	0.0	0.0	0.0	0.0	0.0	0.0	0.0	0.0	0.0	0.0	0.0	0.0	0.0	0.0	0.0
7.126848587141587	6.66952935440736	6.668944710603261	6.760675009410922	7.257428975784894	6.7940845121384905	7.000535395931674	7.423499189860578	7.700593419130812	7.388783347399938	7.168538987006226	6.7949074497327215	6.835949629297339	7.855751128575958	6.947542433058233	6.939601142525047	7.268820519161799	7.17827511767996	0.0	0.0	0.0	0.0	0.0	0.0	0.0	0.0	0.0	0.0	0.0	0.0	0.0	0.0	0.0	0.0	0.0	0.0	0.0	0.0	0.0	0.0	0.0	0.0	0.0	0.0	0.0	0.0	0.0	0.0	0.0	0.0	0.0	0.0	0.0	0.0	0.0	0.0	0.0	0.0	0.0	0.0	0.0	0.0	0.0	0.0	0.0	0.0	0.0	0.0	0.0	0.0	0.0	0.0	0.0	0.0	0.0	0.0	0.0	0.0	0.0	0.0	0.0	0.0	0.0	0.0	0.0	0.0	0.0	0.0	0.0
7.160782559284642	6.633597052599457	6.516780487326792	6.924974998290268	7.308603575356633	6.695126874164382	7.238087547186655	7.43380686956332	7.605948544830343	7.5957315177017675	7.335120685834046	6.719907266619514	7.029002641243479	8.21651782272772	6.722353113925358	7.241473589113354	7.683036002323257	6.82953742353384	7.888647837832733	0.0	0.0	0.0	0.0	0.0	0.0	0.0	0.0	0.0	0.0	0.0	0.0	0.0	0.0	0.0	0.0	0.0	0.0	0.0	0.0	0.0	0.0	0.0	0.0	0.0	0.0	0.0	0.0	0.0	0.0	0.0	0.0	0.0	0.0	0.0	0.0	0.0	0.0	0.0	0.0	0.0	0.0	0.0	0.0	0.0	0.0	0.0	0.0	0.0	0.0	0.0	0.0	0.0	0.0	0.0	0.0	0.0	0.0	0.0	0.0	0.0	0.0	0.0	0.0	0.0	0.0	0.0	0.0	0.0	0.0
7.692540911024628	7.256972682551003	7.003850391908149	7.230773326139269	7.7607776097456265	7.067220244246634	7.29574340098668	7.90286471575409	7.901367433259985	7.814707985716472	7.949475357947447	7.195831327930272	7.243095397489508	8.468049172627602	7.113662910817918	7.14572023865608	7.473609289266656	6.574535037852535	7.499500887868678	8.029923772607692	0.0	0.0	0.0	0.0	0.0	0.0	0.0	0.0	0.0	0.0	0.0	0.0	0.0	0.0	0.0	0.0	0.0	0.0	0.0	0.0	0.0	0.0	0.0	0.0	0.0	0.0	0.0	0.0	0.0	0.0	0.0	0.0	0.0	0.0	0.0	0.0	0.0	0.0	0.0	0.0	0.0	0.0	0.0	0.0	0.0	0.0	0.0	0.0	0.0	0.0	0.0	0.0	0.0	0.0	0.0	0.0	0.0	0.0	0.0	0.0	0.0	0.0	0.0	0.0	0.0	0.0	0.0	0.0	0.0
7.243054619655718	6.866799862059397	6.893674868133457	6.928589153274107	7.209014505678155	6.834199065573049	7.037827413678907	7.482703855378799	7.746554706342177	7.560798964496426	7.5594566856796765	7.11706919019684	7.1166092032766874	8.132076817100682	7.422963727228593	7.190862330170197	7.270563909341393	7.035205284987472	7.366611661050688	7.610766579231782	8.39856707360753	0.0	0.0	0.0	0.0	0.0	0.0	0.0	0.0	0.0	0.0	0.0	0.0	0.0	0.0	0.0	0.0	0.0	0.0	0.0	0.0	0.0	0.0	0.0	0.0	0.0	0.0	0.0	0.0	0.0	0.0	0.0	0.0	0.0	0.0	0.0	0.0	0.0	0.0	0.0	0.0	0.0	0.0	0.0	0.0	0.0	0.0	0.0	0.0	0.0	0.0	0.0	0.0	0.0	0.0	0.0	0.0	0.0	0.0	0.0	0.0	0.0	0.0	0.0	0.0	0.0	0.0	0.0	0.0
6.8805227466968795	6.58091066934182	6.548776295481745	6.767936858274975	6.951170337735007	6.432941467796007	7.0521644950090705	7.238344870486147	7.341537604430053	7.5533877285686835	7.406026580300945	6.877149456480356	7.162153475698852	8.132766771158876	7.605039362732366	7.612039817513534	7.659166223074326	7.535873684355152	7.556028567034163	8.227819346709714	8.981481542745502	7.676734954660123	0.0	0.0	0.0	0.0	0.0	0.0	0.0	0.0	0.0	0.0	0.0	0.0	0.0	0.0	0.0	0.0	0.0	0.0	0.0	0.0	0.0	0.0	0.0	0.0	0.0	0.0	0.0	0.0	0.0	0.0	0.0	0.0	0.0	0.0	0.0	0.0	0.0	0.0	0.0	0.0	0.0	0.0	0.0	0.0	0.0	0.0	0.0	0.0	0.0	0.0	0.0	0.0	0.0	0.0	0.0	0.0	0.0	0.0	0.0	0.0	0.0	0.0	0.0	0.0	0.0	0.0	0.0
8.20365722185231	7.812977115252909	7.649782041399096	7.803640080862213	8.222962980463077	7.5460534492769495	8.000705928251845	8.357738163860832	8.264853213583805	8.163483652655316	8.253102516894096	7.469509152732997	7.600086692736403	8.886859514221396	8.17614134755142	8.047684342804308	8.155498948836387	8.051083279694042	8.032873284824946	8.665389349380424	8.79844804085773	8.017731753539367	9.852956551909514	0.0	0.0	0.0	0.0	0.0	0.0	0.0	0.0	0.0	0.0	0.0	0.0	0.0	0.0	0.0	0.0	0.0	0.0	0.0	0.0	0.0	0.0	0.0	0.0	0.0	0.0	0.0	0.0	0.0	0.0	0.0	0.0	0.0	0.0	0.0	0.0	0.0	0.0	0.0	0.0	0.0	0.0	0.0	0.0	0.0	0.0	0.0	0.0	0.0	0.0	0.0	0.0	0.0	0.0	0.0	0.0	0.0	0.0	0.0	0.0	0.0	0.0	0.0	0.0	0.0	0.0
8.418516863729732	7.9905759569524175	8.035420667293067	8.11456003131442	8.427125188192107	7.989985634815326	8.290024347981191	8.424378200728608	8.605582668113371	8.26499295384262	8.204178869071589	7.676780540308524	7.636124814415762	8.591755318005882	8.13766309371688	7.8432039281520884	7.8101086089676794	7.965052280634506	7.898615952817753	8.176398605224357	8.565603832082143	8.542378005154188	10.62800815616079	9.319448579793185	0.0	0.0	0.0	0.0	0.0	0.0	0.0	0.0	0.0	0.0	0.0	0.0	0.0	0.0	0.0	0.0	0.0	0.0	0.0	0.0	0.0	0.0	0.0	0.0	0.0	0.0	0.0	0.0	0.0	0.0	0.0	0.0	0.0	0.0	0.0	0.0	0.0	0.0	0.0	0.0	0.0	0.0	0.0	0.0	0.0	0.0	0.0	0.0	0.0	0.0	0.0	0.0	0.0	0.0	0.0	0.0	0.0	0.0	0.0	0.0	0.0	0.0	0.0	0.0	0.0
8.858622869576054	8.427031541758138	8.34943848312794	8.670683684333438	8.921170811001357	8.348022570361357	8.89748653300927	8.955568125937678	8.998077349649462	8.95606783315565	8.667317391533064	8.042178978650051	8.296589880528257	9.100525790064067	8.452549654578863	8.481158674768581	8.331452331012825	8.198089269858423	8.111827458168937	8.372833163244527	8.490947200329591	8.856551306048416	9.880888964648179	8.329257262675346	8.506459260907318	0.0	0.0	0.0	0.0	0.0	0.0	0.0	0.0	0.0	0.0	0.0	0.0	0.0	0.0	0.0	0.0	0.0	0.0	0.0	0.0	0.0	0.0	0.0	0.0	0.0	0.0	0.0	0.0	0.0	0.0	0.0	0.0	0.0	0.0	0.0	0.0	0.0	0.0	0.0	0.0	0.0	0.0	0.0	0.0	0.0	0.0	0.0	0.0	0.0	0.0	0.0	0.0	0.0	0.0	0.0	0.0	0.0	0.0	0.0	0.0	0.0	0.0	0.0	0.0
10.360035412711303	10.043674375727521	9.843705089556172	10.078936449447747	10.63872959983077	9.926567355087696	10.348399066978564	10.954761517949285	10.832157420957799	10.689505869256603	10.621952125191648	9.831220437664255	9.989909931229368	10.960517861229976	10.416172162138029	10.305237585533037	10.532290953445415	10.288658854942275	9.92890435903498	11.00267030935089	10.826141355563294	11.548782439962356	12.578866768690618	11.442036750487977	11.911741769951073	11.474791992558163	0.0	0.0	0.0	0.0	0.0	0.0	0.0	0.0	0.0	0.0	0.0	0.0	0.0	0.0	0.0	0.0	0.0	0.0	0.0	0.0	0.0	0.0	0.0	0.0	0.0	0.0	0.0	0.0	0.0	0.0	0.0	0.0	0.0	0.0	0.0	0.0	0.0	0.0	0.0	0.0	0.0	0.0	0.0	0.0	0.0	0.0	0.0	0.0	0.0	0.0	0.0	0.0	0.0	0.0	0.0	0.0	0.0	0.0	0.0	0.0	0.0	0.0	0.0
10.312835130532367	9.95378385637644	10.024763962147905	10.152422670914621	10.67004591703782	10.237680104462637	10.59530015531605	11.129397472511622	11.342401171981265	10.970500535204671	10.78351959851168	10.217909913391109	10.274797455505793	11.15827093704207	10.720656247664714	10.410984730374134	10.50593913854234	10.358511380958786	9.932738136855958	10.368034981572821	10.719436386682547	11.010694883781314	11.681605011400968	10.746236455218229	11.472596029151397	10.798178830509054	10.350735348142656	0.0	0.0	0.0	0.0	0.0	0.0	0.0	0.0	0.0	0.0	0.0	0.0	0.0	0.0	0.0	0.0	0.0	0.0	0.0	0.0	0.0	0.0	0.0	0.0	0.0	0.0	0.0	0.0	0.0	0.0	0.0	0.0	0.0	0.0	0.0	0.0	0.0	0.0	0.0	0.0	0.0	0.0	0.0	0.0	0.0	0.0	0.0	0.0	0.0	0.0	0.0	0.0	0.0	0.0	0.0	0.0	0.0	0.0	0.0	0.0	0.0	0.0
9.830225122408217	9.490782812068145	9.426122976853978	9.827341645924975	10.23133225762152	9.674277531846766	10.309413094932994	10.63149125274003	10.736411702908134	10.761887805473975	10.43385253367228	9.805454059043408	10.099618371279165	10.733294881501354	9.910645196135828	10.011892821908878	9.888800669213284	9.431648230402885	9.224520151507352	9.30847077280068	9.480750210566807	9.829530809403538	10.089257544807943	9.619748938016066	9.83966304759902	9.182019661876748	9.780779646535944	9.348819557148067	0.0	0.0	0.0	0.0	0.0	0.0	0.0	0.0	0.0	0.0	0.0	0.0	0.0	0.0	0.0	0.0	0.0	0.0	0.0	0.0	0.0	0.0	0.0	0.0	0.0	0.0	0.0	0.0	0.0	0.0	0.0	0.0	0.0	0.0	0.0	0.0	0.0	0.0	0.0	0.0	0.0	0.0	0.0	0.0	0.0	0.0	0.0	0.0	0.0	0.0	0.0	0.0	0.0	0.0	0.0	0.0	0.0	0.0	0.0	0.0	0.0
9.390455263431221	9.034670837864176	8.878287433936578	9.09657313853631	9.755135279483437	9.081499247241718	9.60880386908701	10.206782787470434	10.139346094401345	10.015670244502724	10.033632443974597	9.263077398840537	9.40041119378794	10.374809426222106	9.37968553733023	9.318125917550928	9.418433023605445	8.850594883125689	8.617084735719367	8.685627518343983	8.740388257132546	8.730713455553733	8.898830949150037	8.488771669110712	8.616967889044748	8.451385841141985	9.565548656002168	8.902493265259169	9.000728735275633	0.0	0.0	0.0	0.0	0.0	0.0	0.0	0.0	0.0	0.0	0.0	0.0	0.0	0.0	0.0	0.0	0.0	0.0	0.0	0.0	0.0	0.0	0.0	0.0	0.0	0.0	0.0	0.0	0.0	0.0	0.0	0.0	0.0	0.0	0.0	0.0	0.0	0.0	0.0	0.0	0.0	0.0	0.0	0.0	0.0	0.0	0.0	0.0	0.0	0.0	0.0	0.0	0.0	0.0	0.0	0.0	0.0	0.0	0.0	0.0
9.8419361927189	9.516784056237794	9.627836684993962	9.718579036363018	10.297667066438928	9.93020252230008	10.262097600339741	10.870450412318704	11.167442002990727	10.926783881076261	10.749760716185996	10.321582049031601	10.306860041954234	11.069913209036203	10.35747387512612	10.18549355730773	10.213309484667784	9.761975523745749	9.34314717080769	9.431915978290228	9.689766532967237	9.783068548968023	9.98513613396969	9.991114737286901	10.135834879972673	9.628615982105046	10.051255697792694	9.561770807752884	8.90232234127207	12.345329269837428	0.0	0.0	0.0	0.0	0.0	0.0	0.0	0.0	0.0	0.0	0.0	0.0	0.0	0.0	0.0	0.0	0.0	0.0	0.0	0.0	0.0	0.0	0.0	0.0	0.0	0.0	0.0	0.0	0.0	0.0	0.0	0.0	0.0	0.0	0.0	0.0	0.0	0.0	0.0	0.0	0.0	0.0	0.0	0.0	0.0	0.0	0.0	0.0	0.0	0.0	0.0	0.0	0.0	0.0	0.0	0.0	0.0	0.0	0.0
9.869892995872915	9.569882967709454	9.529308598015065	9.86901407017917	10.279766236124873	9.746088294527029	10.4507783109483	10.796716458404719	10.852346632372791	10.937001574591566	10.562136803259783	10.034237450393306	10.331931412253134	10.834247966984844	10.221330042393484	10.293006104592088	10.196809314733011	9.779705006073057	9.436296690197581	9.630932904140272	9.751603359670689	9.902714246274389	9.695947570630068	9.495375738537321	9.838047666571027	9.267300435061607	9.055846070523026	8.903837779660442	8.790844701708451	10.43940555203935	9.761895279345289	0.0	0.0	0.0	0.0	0.0	0.0	0.0	0.0	0.0	0.0	0.0	0.0	0.0	0.0	0.0	0.0	0.0	0.0	0.0	0.0	0.0	0.0	0.0	0.0	0.0	0.0	0.0	0.0	0.0	0.0	0.0	0.0	0.0	0.0	0.0	0.0	0.0	0.0	0.0	0.0	0.0	0.0	0.0	0.0	0.0	0.0	0.0	0.0	0.0	0.0	0.0	0.0	0.0	0.0	0.0	0.0	0.0	0.0
10.204612303870022	9.90191359006847	9.713340294174976	9.891644541849226	10.58497649827828	9.884097648643307	10.379157552169772	10.88529380836453	10.762437568561424	10.678412464976118	10.655698329325581	9.995910603292026	10.09353217306576	10.885467632180465	10.147405397615293	10.105505067943108	10.256397834186	9.772127231627389	9.30988857114139	9.743245594544096	9.684017459004899	9.737213099175085	9.72209840353823	9.339730512793883	9.528324893235162	9.233471677673899	8.948432481092885	9.012265982441862	9.144188237772468	10.197233859395539	10.193720494091584	10.437716948132408	0.0	0.0	0.0	0.0	0.0	0.0	0.0	0.0	0.0	0.0	0.0	0.0	0.0	0.0	0.0	0.0	0.0	0.0	0.0	0.0	0.0	0.0	0.0	0.0	0.0	0.0	0.0	0.0	0.0	0.0	0.0	0.0	0.0	0.0	0.0	0.0	0.0	0.0	0.0	0.0	0.0	0.0	0.0	0.0	0.0	0.0	0.0	0.0	0.0	0.0	0.0	0.0	0.0	0.0	0.0	0.0	0.0
8.993476862659008	8.720213056136098	8.91561090460468	8.875159432910314	9.446499777858612	9.151888652851529	9.54980282357044	9.919807099587686	10.189975895049347	9.941070793678708	9.74447083545174	9.4826833993568	9.466905961276359	10.052848992768421	9.616832368554798	9.384597613057792	9.365573751725677	9.15858666793592	8.526916338998502	8.702306876664592	9.158492981028266	8.897076297130143	8.697897124080303	8.823376871825815	8.849666816390664	8.601560495276898	9.17464835750723	8.751546906264666	8.455120355713095	9.323367822585926	9.802567217400082	8.809847253730087	10.838749248807702	0.0	0.0	0.0	0.0	0.0	0.0	0.0	0.0	0.0	0.0	0.0	0.0	0.0	0.0	0.0	0.0	0.0	0.0	0.0	0.0	0.0	0.0	0.0	0.0	0.0	0.0	0.0	0.0	0.0	0.0	0.0	0.0	0.0	0.0	0.0	0.0	0.0	0.0	0.0	0.0	0.0	0.0	0.0	0.0	0.0	0.0	0.0	0.0	0.0	0.0	0.0	0.0	0.0	0.0	0.0	0.0
8.567831641162673	8.293203758548442	8.314839739978163	8.620626114047539	9.068523044491723	8.591450106396515	9.402472615171387	9.62775739842173	9.688185107221468	9.860986420701419	9.492526877682867	9.067547768506364	9.432878428757855	9.913074943167253	9.221616076520771	9.40470038321893	9.193078406130153	8.749307764250641	8.454522740071713	8.364467937470296	8.743133583038873	8.830822297338239	8.463731668156267	8.521782850609636	8.94182407578766	8.497099141685302	9.16586557794561	8.97754287824823	8.65302641485675	9.368232199238024	9.76193701973611	9.066807260376502	9.970589709413646	9.536208123641162	0.0	0.0	0.0	0.0	0.0	0.0	0.0	0.0	0.0	0.0	0.0	0.0	0.0	0.0	0.0	0.0	0.0	0.0	0.0	0.0	0.0	0.0	0.0	0.0	0.0	0.0	0.0	0.0	0.0	0.0	0.0	0.0	0.0	0.0	0.0	0.0	0.0	0.0	0.0	0.0	0.0	0.0	0.0	0.0	0.0	0.0	0.0	0.0	0.0	0.0	0.0	0.0	0.0	0.0	0.0
9.495261934587326	9.195792512857185	9.07714110792718	9.196126696590857	9.87864397870301	9.289303780237958	9.829707549975936	10.37967953242758	10.27030825038615	10.203106397166328	10.164333892360263	9.599183405279273	9.771407615019157	10.481692482011034	9.671238811011758	9.650556471295113	9.739455628590205	9.231153975522108	8.835177791932814	9.053763699984382	9.196034034518865	9.097509390359537	9.14250510169807	8.934049013597384	9.129531176995446	8.965585440619774	9.342433811050032	8.988705685445149	8.91870234034351	8.934692377338052	9.92718468169951	9.008869972921143	9.65990139218006	8.938811743706612	10.47083073407022	0.0	0.0	0.0	0.0	0.0	0.0	0.0	0.0	0.0	0.0	0.0	0.0	0.0	0.0	0.0	0.0	0.0	0.0	0.0	0.0	0.0	0.0	0.0	0.0	0.0	0.0	0.0	0.0	0.0	0.0	0.0	0.0	0.0	0.0	0.0	0.0	0.0	0.0	0.0	0.0	0.0	0.0	0.0	0.0	0.0	0.0	0.0	0.0	0.0	0.0	0.0	0.0	0.0	0.0
10.911556710393564	10.623977501855684	10.817513703980339	10.794760994388236	11.34904269108357	11.06663902354801	11.488787662632408	11.693225806838159	11.946100079038507	11.681814767086511	11.474729588550936	11.258575078886201	11.234141657912092	11.83355922916481	11.462387796824798	11.292745532585151	11.208377414216889	11.083432970039901	10.48006408436196	10.565992481188225	11.024467976306717	10.793361251382454	10.561506747926126	10.54168846854781	10.562797423728608	10.313980333490576	10.84848040797094	10.422696293257633	10.389084101920847	10.416218764174078	10.846425624709434	10.544521550275638	10.57440821189439	10.396356826577628	10.499477889876411	10.543681389299762	0.0	0.0	0.0	0.0	0.0	0.0	0.0	0.0	0.0	0.0	0.0	0.0	0.0	0.0	0.0	0.0	0.0	0.0	0.0	0.0	0.0	0.0	0.0	0.0	0.0	0.0	0.0	0.0	0.0	0.0	0.0	0.0	0.0	0.0	0.0	0.0	0.0	0.0	0.0	0.0	0.0	0.0	0.0	0.0	0.0	0.0	0.0	0.0	0.0	0.0	0.0	0.0	0.0
9.836218884029622	9.574405401634197	9.630571316696429	9.919026690817722	10.42534322214606	9.962993680723146	10.748128759898815	10.763527893105636	10.8617111357542	10.986314130369282	10.67002806047534	10.288557769371742	10.543006800339635	11.051778144865864	10.34729801415088	10.51761534782734	10.292178351542589	9.929438600179155	9.66368572248816	9.495350953755944	9.83704915101522	9.93211637796251	9.510236060487873	9.553019253331726	9.793101437777697	9.628479904930364	10.294286875482069	10.073325976505664	9.738073613930467	9.52396714082137	10.571314608747638	9.868678754678541	10.079956321338209	9.170160540551079	9.18002771931863	9.798614021413815	11.748933686628046	0.0	0.0	0.0	0.0	0.0	0.0	0.0	0.0	0.0	0.0	0.0	0.0	0.0	0.0	0.0	0.0	0.0	0.0	0.0	0.0	0.0	0.0	0.0	0.0	0.0	0.0	0.0	0.0	0.0	0.0	0.0	0.0	0.0	0.0	0.0	0.0	0.0	0.0	0.0	0.0	0.0	0.0	0.0	0.0	0.0	0.0	0.0	0.0	0.0	0.0	0.0	0.0
10.524811324409956	10.262165936308417	10.195041264232925	10.323576769866362	11.1053068544739	10.506592468562506	11.108028951275397	11.466115130545505	11.396251951821046	11.339254106743526	11.33135491547352	10.800299569912799	10.89265840698059	11.70124321805205	10.862829034833222	10.87852806042577	10.91839156332155	10.435380575337296	10.034598984839167	10.147440049869	10.296029308125728	10.230850834259881	10.075687960135888	9.952820160241382	10.0972888465266	10.094367172269905	10.537118736356536	10.236957868582765	9.946661567590072	9.730522786357554	10.800318226175378	10.138198274056379	10.10088784272752	9.611052602574336	9.38189349115418	9.921878828158912	10.438615627395308	10.40309079380876	0.0	0.0	0.0	0.0	0.0	0.0	0.0	0.0	0.0	0.0	0.0	0.0	0.0	0.0	0.0	0.0	0.0	0.0	0.0	0.0	0.0	0.0	0.0	0.0	0.0	0.0	0.0	0.0	0.0	0.0	0.0	0.0	0.0	0.0	0.0	0.0	0.0	0.0	0.0	0.0	0.0	0.0	0.0	0.0	0.0	0.0	0.0	0.0	0.0	0.0	0.0
11.306200564952464	11.073996181773024	11.28792782442528	11.309416842292416	11.93353530609631	11.613915332267144	12.103893830715585	12.302378319866516	12.547080519883469	12.393112657624533	12.21299265942345	11.935445576302493	11.931736938501212	12.601978955351827	12.063330033808745	11.944096348644926	11.852937858645488	11.61933922238215	11.070120348219763	11.052019540791635	11.454811793272286	11.234147523877276	10.938343532295281	10.998642112313668	11.101654661998216	10.960671728204597	11.505135995697728	11.171323193070345	10.900641092201155	10.77778488610637	11.036250557695059	10.856167360461589	11.113863701833292	10.43599467928983	10.589512729360939	10.756005704836534	11.175652976572241	11.497183329180457	11.310186592189455	0.0	0.0	0.0	0.0	0.0	0.0	0.0	0.0	0.0	0.0	0.0	0.0	0.0	0.0	0.0	0.0	0.0	0.0	0.0	0.0	0.0	0.0	0.0	0.0	0.0	0.0	0.0	0.0	0.0	0.0	0.0	0.0	0.0	0.0	0.0	0.0	0.0	0.0	0.0	0.0	0.0	0.0	0.0	0.0	0.0	0.0	0.0	0.0	0.0	0.0
10.495113345587441	10.251867135379053	10.320730018299638	10.603539083022671	11.043900322260473	10.614003423532907	11.381619546019532	11.371200756721018	11.469261670382139	11.618641295730104	11.306248787056088	10.94763454523567	11.227402017108371	11.669130794363445	11.022388479734639	11.18630114571773	10.93758024572512	10.604356920956326	10.352574395410576	10.183932721729464	10.459916424108261	10.436650233610486	10.020813219571275	10.073348131363351	10.381001557981506	10.189791554004954	10.755039855423085	10.470032052587337	10.154439590841044	9.958828215091538	10.302412684496396	10.357158340478874	10.347502956316598	9.76211845508846	9.595327300967034	10.004012835813851	10.381733191358974	10.028084831358932	9.873194420100367	11.348915072430266	0.0	0.0	0.0	0.0	0.0	0.0	0.0	0.0	0.0	0.0	0.0	0.0	0.0	0.0	0.0	0.0	0.0	0.0	0.0	0.0	0.0	0.0	0.0	0.0	0.0	0.0	0.0	0.0	0.0	0.0	0.0	0.0	0.0	0.0	0.0	0.0	0.0	0.0	0.0	0.0	0.0	0.0	0.0	0.0	0.0	0.0	0.0	0.0	0.0
11.197091511454586	10.923311812767961	10.884579807237136	11.003448413577654	11.721157927745079	11.148692608670563	11.731921134603036	12.010734247918515	11.936961819923964	11.95257635503833	11.95150687301821	11.472125045014302	11.581772568928104	12.323146845908257	11.58427627819697	11.585483534401535	11.624194970411697	11.170726361850905	10.745178435574084	10.877595912572874	10.964621798927855	10.807655630790158	10.563809333730987	10.531198834672123	10.736440545785873	10.759391042207971	11.237282770950749	11.000112770136642	10.774098421036795	10.550585085233719	10.860431477687525	10.585974511140085	10.749056007266473	10.172972696746143	10.149098907459896	10.352214960137578	10.66201326170137	10.380271765035715	10.351463428705731	10.440382644207252	10.409959060033087	0.0	0.0	0.0	0.0	0.0	0.0	0.0	0.0	0.0	0.0	0.0	0.0	0.0	0.0	0.0	0.0	0.0	0.0	0.0	0.0	0.0	0.0	0.0	0.0	0.0	0.0	0.0	0.0	0.0	0.0	0.0	0.0	0.0	0.0	0.0	0.0	0.0	0.0	0.0	0.0	0.0	0.0	0.0	0.0	0.0	0.0	0.0	0.0
10.466282355734652	10.240394830236234	10.477360211617112	10.418404470028904	11.004666102110265	10.712313604862018	11.17558252802005	11.318870725732403	11.565795510657866	11.462639543734676	11.33917850581243	11.181723396987762	11.14913390585839	11.711810717098981	11.279099362010161	11.130987939743923	11.05306577693571	10.845291700813021	10.290159217391043	10.266183788035146	10.625743301764844	10.31417884317328	9.936587762923395	10.225001618130257	10.38094973100874	10.297387823224089	10.828231042847355	10.691723862203835	10.414944319015929	10.1771715382592	10.43023079586295	10.409270517482206	10.31513821901227	10.007579274160888	9.585766416807362	10.145984487343227	10.450848448445443	10.314518637292439	10.125756427020931	10.710054934520258	10.30859978240505	10.330225067987758	0.0	0.0	0.0	0.0	0.0	0.0	0.0	0.0	0.0	0.0	0.0	0.0	0.0	0.0	0.0	0.0	0.0	0.0	0.0	0.0	0.0	0.0	0.0	0.0	0.0	0.0	0.0	0.0	0.0	0.0	0.0	0.0	0.0	0.0	0.0	0.0	0.0	0.0	0.0	0.0	0.0	0.0	0.0	0.0	0.0	0.0	0.0
10.454460244594118	10.22214861966667	10.326292991090233	10.535455617232806	10.983587710223986	10.565956504880827	11.332870204608366	11.349442280705702	11.424657222165324	11.616544278729204	11.343201664778848	11.05811027167538	11.320778799134038	11.707184911849321	11.122032393504192	11.249513109861361	11.049934797646948	10.709751970763758	10.405881531862406	10.289055970707004	10.521937997580427	10.44516064321904	9.974921049391547	10.166603035121405	10.50623543040064	10.42211901849069	10.925904102772915	10.76934083030187	10.526140674011845	10.31133563002441	10.572742223501297	10.265648011447318	10.423339441255564	9.788454732970761	9.606856325132483	9.891898109096925	10.339641839303967	10.022640840849563	10.12515148409426	10.548197351939397	10.183888729880321	10.11144245151494	10.130214865273704	0.0	0.0	0.0	0.0	0.0	0.0	0.0	0.0	0.0	0.0	0.0	0.0	0.0	0.0	0.0	0.0	0.0	0.0	0.0	0.0	0.0	0.0	0.0	0.0	0.0	0.0	0.0	0.0	0.0	0.0	0.0	0.0	0.0	0.0	0.0	0.0	0.0	0.0	0.0	0.0	0.0	0.0	0.0	0.0	0.0	0.0
10.763538187998213	10.511861156309866	10.510922727387278	10.575510699677487	11.31089636746728	10.78879195623651	11.39015222835193	11.724885402339236	11.678315739886745	11.717750288332168	11.720799877921209	11.336662787577723	11.43717362899582	12.087367484736076	11.352322418834365	11.375617811409288	11.391092322591978	10.922741935597427	10.507556714550034	10.592457162044653	10.719228982795054	10.584467155155535	10.336271368673568	10.453055554654025	10.696157622559125	10.600752497824713	11.1395719643318	10.995258628773499	10.72371846224687	10.463404706586713	10.687598235845332	10.659226204846028	10.593273380392617	10.247338264187198	9.7044701869847	10.256020553677212	10.486576690272392	10.377491713685888	10.213690403870949	11.014966313011225	10.697674196195093	10.635690128811424	10.943189468193554	11.479925056140027	0.0	0.0	0.0	0.0	0.0	0.0	0.0	0.0	0.0	0.0	0.0	0.0	0.0	0.0	0.0	0.0	0.0	0.0	0.0	0.0	0.0	0.0	0.0	0.0	0.0	0.0	0.0	0.0	0.0	0.0	0.0	0.0	0.0	0.0	0.0	0.0	0.0	0.0	0.0	0.0	0.0	0.0	0.0	0.0	0.0
10.909994169578713	10.650415388881612	10.88288894985269	10.842141078681449	11.443995516114047	11.14133799772974	11.648963728637664	11.789059897220064	11.995070865612217	11.91281431696211	11.809759269023829	11.645818363563277	11.649272532784632	12.165204311375124	11.672989261688247	11.577275595924526	11.489760384708827	11.264078378588666	10.769875412019376	10.68994559263317	11.097164774599086	10.883582447085978	10.556724948717049	10.816968180641318	11.000024211491473	10.95082186136564	11.587549575373338	11.396495093093696	11.112847083836225	10.819164960644214	11.152364507365755	10.97079037587488	11.063277135406933	10.463148242401495	10.169482807471729	10.553098350169387	10.816947909779385	10.115970200245771	10.29115119809387	10.881901871708003	10.723178120316831	11.402536021937076	11.03004642268293	12.129643838673406	11.544783070450459	0.0	0.0	0.0	0.0	0.0	0.0	0.0	0.0	0.0	0.0	0.0	0.0	0.0	0.0	0.0	0.0	0.0	0.0	0.0	0.0	0.0	0.0	0.0	0.0	0.0	0.0	0.0	0.0	0.0	0.0	0.0	0.0	0.0	0.0	0.0	0.0	0.0	0.0	0.0	0.0	0.0	0.0	0.0	0.0
9.411019184559512	9.215940489806366	9.345349232526114	9.509166578219702	10.021158858888702	9.657440490897555	10.392987386390148	10.4872594208941	10.57672247306726	10.772678003822593	10.589644757004192	10.355951003105746	10.577705811397346	10.927435073644434	10.308608984964746	10.440977325126513	10.265584716069473	9.90186816106778	9.664677436112381	9.47467044159119	9.787030019696987	9.743828715735349	9.347985672656854	9.676588508732666	9.85280877386636	9.88615100385222	10.625598891373361	10.472066643291015	10.108749685149226	9.777949187245984	10.101580787183838	10.16667877999896	10.106316277294583	9.519911322122466	9.09172360035844	9.72124295584581	10.3245986220413	9.252260393228651	9.502881846222973	10.55287107484658	9.831486529498985	10.677752728561142	10.443250699778968	10.981696116650731	11.324346158264117	11.52705190106078	0.0	0.0	0.0	0.0	0.0	0.0	0.0	0.0	0.0	0.0	0.0	0.0	0.0	0.0	0.0	0.0	0.0	0.0	0.0	0.0	0.0	0.0	0.0	0.0	0.0	0.0	0.0	0.0	0.0	0.0	0.0	0.0	0.0	0.0	0.0	0.0	0.0	0.0	0.0	0.0	0.0	0.0	0.0
9.488721776152426	9.333548577440618	9.384091216127635	9.409786585047147	10.119694676012749	9.694359427628775	10.299274993742642	10.747962560427986	10.69905153500589	10.770016685332953	10.83418392596187	10.505467573200162	10.606869623998689	11.0521857666082	10.380240687925895	10.36346643228846	10.408018214826503	9.978827042472574	9.664959274618319	9.688034490460527	9.863454084296581	9.725079276296434	9.495270447354853	9.868069600265661	10.001739059679254	10.087084620491245	10.76691214033559	10.587904493485865	10.257490890778978	9.93206292944965	10.252337580960347	10.123408999179398	10.267635535774332	9.509185165471463	9.392771072273431	9.810472669247774	10.769911299405376	9.547957403048828	9.978253866834981	10.882490198541575	10.320295081044913	11.020537309647803	11.129008149812137	11.091390753213313	11.82407134912838	12.050996181348905	10.1719288439439	0.0	0.0	0.0	0.0	0.0	0.0	0.0	0.0	0.0	0.0	0.0	0.0	0.0	0.0	0.0	0.0	0.0	0.0	0.0	0.0	0.0	0.0	0.0	0.0	0.0	0.0	0.0	0.0	0.0	0.0	0.0	0.0	0.0	0.0	0.0	0.0	0.0	0.0	0.0	0.0	0.0	0.0
8.468779447946025	8.311562719368156	8.58237672080015	8.519710541101919	9.155413467969243	8.928192940245681	9.483322268344445	9.862235687930305	10.052069035776858	10.035587406501001	10.026560432004809	9.89244418024712	9.918178926622307	10.326721423278855	9.825887927774446	9.71172991010896	9.67760199235039	9.385669132910637	8.99993414405698	8.884844596858382	9.286044305166984	9.036177961506992	8.717917851687297	9.154853321113642	9.340599969911057	9.45070515007095	10.2685762595787	10.080832482927498	9.709335929660243	9.307639828986433	9.67145513599486	9.779479498971703	9.82120678021256	9.120030236920792	8.756795561966479	9.409358641814828	10.364540435685406	9.142085998781464	9.503525300869459	10.571128297137065	9.808485310019647	10.700056863823134	10.433710310431826	10.715888114412584	11.03704079819247	11.34387321373819	9.139801999221936	9.673098720485259	0.0	0.0	0.0	0.0	0.0	0.0	0.0	0.0	0.0	0.0	0.0	0.0	0.0	0.0	0.0	0.0	0.0	0.0	0.0	0.0	0.0	0.0	0.0	0.0	0.0	0.0	0.0	0.0	0.0	0.0	0.0	0.0	0.0	0.0	0.0	0.0	0.0	0.0	0.0	0.0	0.0
8.648878733694316	8.488538049643287	8.657391889605982	8.796707420917551	9.343141945178951	9.033435264486327	9.803991217940752	10.088974831704183	10.171974995794141	10.379662609532668	10.270670521100111	10.04329189292908	10.280401158061654	10.591540325045258	9.960850828388956	10.053099974775112	9.920590927248814	9.523498160557464	9.343749730593183	9.118438347748743	9.443971738783016	9.359785427805221	9.057470540485154	9.495326222389654	9.68472666275012	9.795646314798812	10.642363272766785	10.418336311765568	10.014859469212043	9.607378462658923	9.976402795119249	9.978443410633536	10.215085292767885	9.311023590170361	9.074065167223424	9.576778709579262	10.630626425594672	9.26464496844238	9.749042905131414	10.574752111505374	10.022405041582637	10.761519025676085	10.689864160499042	10.781827308753467	11.102591095789498	11.11492051747972	9.37022499417349	9.812315863784665	8.389756471039616	0.0	0.0	0.0	0.0	0.0	0.0	0.0	0.0	0.0	0.0	0.0	0.0	0.0	0.0	0.0	0.0	0.0	0.0	0.0	0.0	0.0	0.0	0.0	0.0	0.0	0.0	0.0	0.0	0.0	0.0	0.0	0.0	0.0	0.0	0.0	0.0	0.0	0.0	0.0	0.0
8.68846848365263	8.5483684983561	8.629103675539358	8.652875203554334	9.367767488841212	8.980465262721161	9.626720812771724	10.10031333289135	10.075139942458517	10.153248018194839	10.271899833314112	9.955389781269998	10.056093508489347	10.610416635041839	9.904181762976354	9.880097086937528	9.921044139638525	9.455107125258401	9.190289377631103	9.14243515595206	9.349386534090039	9.162330111552969	8.83615619984543	9.26864260177745	9.466945942362985	9.611691420192933	10.51234639832424	10.298497929631274	9.920363724667094	9.46018663994344	9.900860040787595	10.047414701527885	10.084233356457055	9.37938924414477	9.013866116094169	9.662499452400239	10.529966062895781	9.286648869356533	9.610150994575761	10.507990891643015	9.820711749045763	10.541749589210443	10.260981208246239	10.582777098300664	10.75034356218084	10.861206817075155	9.162744416475958	9.778934017226554	8.394967293363857	8.681166868746343	0.0	0.0	0.0	0.0	0.0	0.0	0.0	0.0	0.0	0.0	0.0	0.0	0.0	0.0	0.0	0.0	0.0	0.0	0.0	0.0	0.0	0.0	0.0	0.0	0.0	0.0	0.0	0.0	0.0	0.0	0.0	0.0	0.0	0.0	0.0	0.0	0.0	0.0	0.0
8.254988003519665	8.097908343160084	8.39338897560114	8.301391727839958	8.951091617932896	8.74702807772887	9.343587206722882	9.71226345305403	9.907817311054059	9.922973891985645	9.912901456906937	9.796810446656483	9.840304151825178	10.29447050957599	9.791558490302535	9.716245370738715	9.644506147496285	9.352548506656255	8.99555198625303	8.836047079871662	9.27842390411527	9.074010136626665	8.749138990476824	9.204233325613096	9.419117238135863	9.552506082774864	10.491529628508225	10.27055465769098	9.892294749832649	9.427883859506686	9.868025302801254	9.864912256821244	10.102037386829291	9.183920304340202	8.878799439500051	9.423837209286289	10.421386690214641	9.097365677021692	9.578625912026851	10.354344382365632	9.8071283131308	10.371543728808335	10.183757266413405	10.248124787995794	10.4208260825354	10.36358372862592	8.933217628449816	9.63467813159504	8.185573945481355	7.963478455325976	8.46201153714329	0.0	0.0	0.0	0.0	0.0	0.0	0.0	0.0	0.0	0.0	0.0	0.0	0.0	0.0	0.0	0.0	0.0	0.0	0.0	0.0	0.0	0.0	0.0	0.0	0.0	0.0	0.0	0.0	0.0	0.0	0.0	0.0	0.0	0.0	0.0	0.0	0.0	0.0
8.694211599528979	8.53874271512249	8.729072656046883	8.85115075846157	9.428243523331107	9.1347021986259	9.950480975718838	10.241008522937769	10.338752289527886	10.56395727397381	10.466236102705729	10.251973478215325	10.507494746657542	10.880027022167793	10.226996016943508	10.345666680698995	10.200305030374219	9.78848253235674	9.635440156292182	9.362112201947719	9.736233417749931	9.566368520776807	9.261697586207095	9.721565720432633	9.936048283570887	10.061470051052734	11.022181145662158	10.757894865111389	10.339290841177151	9.875379717271622	10.288213109766488	10.513220959756534	10.619485869357728	9.820071280228174	9.360531664959323	10.07042531606221	10.911364701256716	9.67193549322084	10.036293454360543	10.93552874179585	10.263011967052428	11.143507611328415	10.864346954828674	11.200568706832506	11.130204888099382	11.1509379620467	9.579951160178439	10.603677223241407	8.973624505482505	8.633282147267975	9.158614628744232	9.157174436844787	0.0	0.0	0.0	0.0	0.0	0.0	0.0	0.0	0.0	0.0	0.0	0.0	0.0	0.0	0.0	0.0	0.0	0.0	0.0	0.0	0.0	0.0	0.0	0.0	0.0	0.0	0.0	0.0	0.0	0.0	0.0	0.0	0.0	0.0	0.0	0.0	0.0
8.803484855797485	8.63500967035226	8.742082616744414	8.770975648456828	9.535660149508907	9.148611181464812	9.88164868829856	10.390415651777905	10.37909620142948	10.504112384897438	10.632440622489417	10.296391486074265	10.45040377590209	11.095429537008036	10.335184382227984	10.357112416993623	10.391431715530228	9.891694830355885	9.646861980418834	9.53981823846112	9.92530577746616	9.69168441003949	9.36234788126769	9.806468750302225	10.047651497666866	10.179043898869244	11.189384714609039	10.901570917147044	10.49553887101755	9.990950851837416	10.459699061126901	10.542991653979895	10.82890487418788	9.854702812247986	9.540525552751847	10.095915735124787	11.026068509496243	9.692852441435647	10.173352333717002	10.816023700126317	10.34577303507683	10.984285743304902	10.865828047314865	11.066180169720393	11.188349706911351	11.038848684028416	9.998649597450056	11.321462357902918	9.900534483132597	9.463347084994213	9.690403532132898	9.514260015462035	10.080139460497282	0.0	0.0	0.0	0.0	0.0	0.0	0.0	0.0	0.0	0.0	0.0	0.0	0.0	0.0	0.0	0.0	0.0	0.0	0.0	0.0	0.0	0.0	0.0	0.0	0.0	0.0	0.0	0.0	0.0	0.0	0.0	0.0	0.0	0.0	0.0	0.0
8.972916410335792	8.79801413030301	9.089753282583402	9.030640950411922	9.708932866967162	9.484569740879746	10.138605996399134	10.532828624725285	10.74228618410781	10.753184521409821	10.764434211257116	10.63220277591162	10.69072574809857	11.217838618077264	10.653058121718402	10.58575695403924	10.524508551169063	10.20098681525593	9.862116003555387	9.655758763696687	10.037328603885971	9.836677202151673	9.515596900655106	9.947493875471928	10.186191619948007	10.301095255784228	11.289995218419234	11.006208644232398	10.602944788253676	10.102451007393574	10.547850294614728	10.773850570565532	10.879827149253273	10.109229406965056	9.599954139110121	10.31233872491766	11.027049457840787	9.926151324175425	10.214386064901964	11.001726586935796	10.407821101290796	11.0979875881448	10.805599840664971	11.14333325653098	10.972607885081825	10.990806530835536	9.91552293378672	11.206991435570757	9.78918575504976	9.48005688344244	9.593855672421828	9.316964900214156	9.58624687735918	9.89499227553998	0.0	0.0	0.0	0.0	0.0	0.0	0.0	0.0	0.0	0.0	0.0	0.0	0.0	0.0	0.0	0.0	0.0	0.0	0.0	0.0	0.0	0.0	0.0	0.0	0.0	0.0	0.0	0.0	0.0	0.0	0.0	0.0	0.0	0.0	0.0
8.953696501549913	8.778580571208341	8.964567693862403	9.103302384186726	9.72292124129832	9.427278618518509	10.26815075314912	10.554117288509197	10.670280134743813	10.903466244425221	10.838780845093607	10.599400673514486	10.84486275444887	11.370299273480361	10.71153663962102	10.826863222925187	10.670659019885605	10.247931754035925	10.109500916535145	9.895158409362137	10.287350220624454	10.068108425340098	9.722226376598941	10.19018745594939	10.452324433562461	10.56596173725597	11.637535609946935	11.354286478167817	10.921676334687207	10.414706970003603	10.88079535258033	11.032316106718973	11.296941907920962	10.36591214883572	10.0236232668541	10.636848465871367	11.566839997434078	10.154992448741044	10.676535851007923	11.286366486995126	10.848564138216275	11.458903691699224	11.238459791909827	11.556624926042232	11.570065124651627	11.422512168139788	10.398717940247193	11.721493649293917	10.36243466766306	10.072158356861351	10.08035063658212	9.907378974308427	9.630870639944762	9.195680522125738	9.823324522748269	0.0	0.0	0.0	0.0	0.0	0.0	0.0	0.0	0.0	0.0	0.0	0.0	0.0	0.0	0.0	0.0	0.0	0.0	0.0	0.0	0.0	0.0	0.0	0.0	0.0	0.0	0.0	0.0	0.0	0.0	0.0	0.0	0.0	0.0
9.11779046356342	8.947669931915751	9.114949603666155	9.132257807258839	9.880682801440198	9.537064016454057	10.300376650591527	10.79765949693351	10.810560536176927	10.927934426156387	11.070820950187583	10.766387477731213	10.8988540365467	11.607475076701258	10.916319632089609	10.915915086214595	10.935114661330623	10.472600977884737	10.253614348158107	10.026651076380592	10.431454151085871	10.19633513810428	9.81384530880917	10.275748417671977	10.519008355359146	10.700420268985233	11.79217706104872	11.508198459571364	11.12055162682034	10.558219599652208	11.105443152015845	11.363671785778392	11.454908946839435	10.689968267227824	10.23644826059019	11.011962657093399	11.75102703897592	10.497405266084222	10.870468473093412	11.639187709407317	11.086593001280152	11.756789982410675	11.520701601846476	11.957282667330542	11.94538877726431	11.861340521143488	10.853360485841975	11.897195594378418	10.565489622432606	10.384373172261695	10.000392137905045	10.168953701040992	9.951327545487896	9.05386146312469	9.684850049143979	10.253659291397163	0.0	0.0	0.0	0.0	0.0	0.0	0.0	0.0	0.0	0.0	0.0	0.0	0.0	0.0	0.0	0.0	0.0	0.0	0.0	0.0	0.0	0.0	0.0	0.0	0.0	0.0	0.0	0.0	0.0	0.0	0.0	0.0	0.0
8.43414840815144	8.28768250161198	8.591773374274563	8.539835765108101	9.229432630661979	9.026068660459782	9.724360181471212	10.09808499004228	10.28459544386074	10.349232054047937	10.41591916137972	10.282004610413912	10.35099616056859	10.95321886048576	10.43871241892387	10.370502932632736	10.313510250376037	10.032585815956082	9.81493907210931	9.599664826866626	10.001212764306048	9.746883136727716	9.371066253757824	9.88352297575113	10.117973145108282	10.344504876183262	11.541460005586668	11.286975251878216	10.8743685002187	10.3048437553698	10.905824119880858	11.044707740071228	11.278327705170117	10.358065300546755	10.10631768388824	10.734233038730292	11.821145724341761	10.291135677533056	10.891361859619888	11.591829359667653	11.080545571857737	11.720710665753298	11.514973786195277	11.8747028957979	12.037811774004888	11.900312430971718	10.713232590014435	11.603022602056415	10.27925885725481	10.13847993163545	9.746446915306818	9.75801871603176	9.815299494180573	9.260687586242852	9.974342416338047	9.080353865887728	9.543323226178423	0.0	0.0	0.0	0.0	0.0	0.0	0.0	0.0	0.0	0.0	0.0	0.0	0.0	0.0	0.0	0.0	0.0	0.0	0.0	0.0	0.0	0.0	0.0	0.0	0.0	0.0	0.0	0.0	0.0	0.0	0.0	0.0
8.169958848276192	8.029823324019365	8.26714152251876	8.344789644016279	8.983428360508876	8.717482904932305	9.594842218341592	9.89749955003062	9.996067889748714	10.259157340779367	10.248458485985212	10.048148373335302	10.287889513856785	10.791235292821462	10.18147086884059	10.287704811566941	10.166409524195506	9.781387101349516	9.607315803127296	9.36300997964456	9.775186693613474	9.557507922771084	9.181682182760085	9.726204240863929	9.975918914423364	10.218255569625102	11.437543241077202	11.21279939998779	10.798004182339417	10.216765577715535	10.809391937016358	11.130944928403247	11.201322540709373	10.505609980920799	10.006819584359445	10.85313740879696	11.853268138122933	10.496890255926736	10.982184366235751	11.925543632763222	11.281724336745633	12.079877577064186	11.737060001598119	12.204541032344506	12.198905538342068	12.189296650562726	10.829263698536858	11.756697425484628	10.273095071300624	10.251916836897998	9.852740166685921	9.874871964337942	9.805006633123487	9.537745868690793	10.116620848971616	9.222065080598403	9.92432890771472	9.054223876012404	0.0	0.0	0.0	0.0	0.0	0.0	0.0	0.0	0.0	0.0	0.0	0.0	0.0	0.0	0.0	0.0	0.0	0.0	0.0	0.0	0.0	0.0	0.0	0.0	0.0	0.0	0.0	0.0	0.0	0.0	0.0
8.439807122932354	8.312556142630715	8.48617408534466	8.490995003002794	9.21067385363891	8.906641903671566	9.650251882010714	10.132466809166187	10.146093586177209	10.295948313079588	10.466220123490555	10.173452220009139	10.310614715542325	10.971030704175094	10.30217087930721	10.305682997998924	10.33302440699565	9.953115206076765	9.75206450477305	9.532341313213786	9.924492889377092	9.681491980019024	9.297549384908113	9.834883355075489	10.082131954442008	10.310699987924	11.451286800978515	11.236834042123244	10.822973971944922	10.265786829681245	10.806435609946654	10.944286045221347	11.151500574027303	10.28204170694354	9.999004957117641	10.645205889053228	11.76026140960835	10.249396168659128	10.817701464165529	11.546134704523151	11.008698138047333	11.598596136499397	11.337156941040506	11.61885981501353	11.752973427536856	11.663987068544932	10.378203056486754	10.892906257120064	9.612060351988731	9.502678293023362	9.192010757180704	9.139389321789148	9.148610982561229	8.920006861059603	9.413342290200216	8.561380609962091	9.195015375187893	8.5093992309253	10.790684187376554	0.0	0.0	0.0	0.0	0.0	0.0	0.0	0.0	0.0	0.0	0.0	0.0	0.0	0.0	0.0	0.0	0.0	0.0	0.0	0.0	0.0	0.0	0.0	0.0	0.0	0.0	0.0	0.0	0.0	0.0
8.019179727169465	7.910659355994835	8.197454853761334	8.128205010283272	8.79418161328226	8.591957363404717	9.285316988285793	9.65477011066163	9.828377452542261	9.913029014028927	9.994735870027519	9.887678391316694	9.952520885345965	10.490218970537768	10.006962318015136	9.951675684588192	9.903967840683201	9.55006187295243	9.33003896385938	9.13152235512594	9.510438823792581	9.273363863266928	8.865864736904113	9.415577247503515	9.665560748035258	9.91080032040792	11.05499548516735	10.883938989287605	10.487926227666968	9.941721508253881	10.493429005862916	10.71320810573717	10.73504327479685	10.056302284435858	9.62938234558372	10.400849128468966	11.365972845657241	10.026469917115746	10.47091798745683	11.284853808233619	10.634111743154918	11.239678540479476	10.81931502624132	11.184252613312452	11.282457988441813	11.329249899207564	9.899578148913845	10.52017500554993	9.22125565914829	9.361638962836905	8.846923146222538	8.935981198351813	9.192804079541364	9.081604814012424	9.591398380866822	8.851601223506979	9.57959384800987	8.569971124732906	10.599338856517091	9.888300305822984	0.0	0.0	0.0	0.0	0.0	0.0	0.0	0.0	0.0	0.0	0.0	0.0	0.0	0.0	0.0	0.0	0.0	0.0	0.0	0.0	0.0	0.0	0.0	0.0	0.0	0.0	0.0	0.0	0.0
7.393753124309649	7.292220198937345	7.532391721571528	7.557313534068997	8.195462664471263	7.944103966829213	8.798692214933748	9.122048339401795	9.201595484388521	9.456307016397814	9.448631518350188	9.273146479728783	9.516617939103114	9.970432395043911	9.407178616435411	9.498716344639508	9.440707773433452	9.11061773077131	8.895186352106295	8.700381581830975	9.097828228513896	8.839132572586205	8.431665811959592	9.00477532319054	9.2517169598561	9.51682325186445	10.705323760051035	10.538893061262067	10.160172164069051	9.604111268431378	10.190815351637438	10.26684474428214	10.452626275368262	9.58169718843113	9.309693832324125	9.975080775599167	11.1562237991043	9.672774427833167	10.269948165439178	11.042756727510703	10.470487415041816	10.991295637659425	10.687654291716978	10.904729036459534	11.122441068376007	11.076096321954552	9.72854324333626	10.164926244770001	8.951515672368838	8.96871653587875	8.613055290630566	8.498131100978428	8.864922500322113	8.6792840721949	9.243898689666683	8.675122400153212	9.158833715992724	8.510187860234476	9.17894646247555	8.858506799196093	7.670095047554989	0.0	0.0	0.0	0.0	0.0	0.0	0.0	0.0	0.0	0.0	0.0	0.0	0.0	0.0	0.0	0.0	0.0	0.0	0.0	0.0	0.0	0.0	0.0	0.0	0.0	0.0	0.0	0.0
7.6733768996457385	7.578542338788378	7.7702419959859315	7.760442663606672	8.502774337493777	8.198373819214883	8.99539639289888	9.515779634952517	9.524216626535669	9.682346149912489	9.841837885685706	9.588813480528488	9.74833699270712	10.350679453325213	9.722348658435815	9.737680672066416	9.70205544801489	9.339935752810971	9.126674446981996	8.932596207413756	9.350407152256029	9.118190760867543	8.72587260225095	9.30563644858271	9.544828149319597	9.80385768530904	10.99325462388185	10.799963769674346	10.412011910369241	9.860370992496119	10.433925253583894	10.659241770884242	10.724666837769048	9.950737678930576	9.527083441693303	10.323946120669152	11.365611413876799	10.022422286503797	10.494585489281183	11.389249606082847	10.703243175961777	11.408611540697072	11.039653669071633	11.334519659072292	11.438093740172059	11.45911881396595	9.94797863615802	10.33698957748738	9.019363886762987	9.052134624030984	8.696233701510584	8.596624323759093	8.604502758421331	8.575594502819248	9.019559622581859	8.599840054006751	8.74464690648486	7.860088055179991	7.838432692835415	7.722377006908491	8.234599579108552	7.740091028673744	0.0	0.0	0.0	0.0	0.0	0.0	0.0	0.0	0.0	0.0	0.0	0.0	0.0	0.0	0.0	0.0	0.0	0.0	0.0	0.0	0.0	0.0	0.0	0.0	0.0	0.0	0.0
7.585650829137064	7.505719714169521	7.791328896073669	7.718452846976215	8.406636835206127	8.221071436705774	8.957528999328403	9.417537219998081	9.575846672703923	9.67872076995658	9.748421382085617	9.647939974729333	9.737435311590207	10.268977867437387	9.782159905869813	9.799328291120771	9.74065636642387	9.379000405318873	9.155340631765107	8.965256733466852	9.368168798502518	9.102439526218767	8.709986359460787	9.28331128780792	9.552332898445359	9.774709860930189	10.935783692543016	10.735927811765594	10.334323470693983	9.787135597190842	10.317908087611505	10.40769347422266	10.637768544671184	9.736132499929449	9.411710914901665	10.058475089488141	11.185366993865246	9.795463802151584	10.338206374619354	11.052958717345353	10.484545119669976	11.017735720974837	10.644722092262388	10.857430810633689	10.9434872220545	10.987418082875704	9.713863603543908	10.169826740091114	8.887983326229737	8.80034063061892	8.558915777271844	8.23527099359326	8.336009975804592	8.057603628946984	8.388724503800901	7.850459566421885	8.137275536970034	7.278093709584559	7.298240411142634	7.208709275317892	7.569255149961044	7.575388799284161	8.795733502915398	0.0	0.0	0.0	0.0	0.0	0.0	0.0	0.0	0.0	0.0	0.0	0.0	0.0	0.0	0.0	0.0	0.0	0.0	0.0	0.0	0.0	0.0	0.0	0.0	0.0	0.0
7.198173597926261	7.1131874174980805	7.366558757522464	7.401386414181537	8.032672838914786	7.788794261067226	8.683756592844187	9.084362522769677	9.171634057255215	9.44674368883119	9.412510713480048	9.240450672628679	9.510371870095746	9.926467762926139	9.382059105756014	9.384958237254166	9.346822508656956	8.971007064906775	8.725810932622197	8.560064078131418	8.947859894288394	8.662270345383941	8.277203798573046	8.852180853620547	9.137296011438034	9.351899221593554	10.474866657016735	10.272699493943541	9.905319646040299	9.387614851397231	9.907514639807104	10.076328203828973	10.178068115203548	9.41973720393622	8.942177519250547	9.697667240179523	10.661033804086196	9.558513459225898	9.92760619129861	10.6653114819209	9.989241278810976	10.556397655371851	10.098539035494401	10.299426876018396	10.38362261744215	10.600958433032675	9.277288921952946	9.672218440944627	8.380545839944634	8.402653382858286	8.116234260158887	7.84523603646661	7.988435479804337	7.755459834302557	8.056553584247663	7.860413179421975	8.217454691761603	7.637575925875824	7.976165214802141	7.835930494593592	8.034583279184071	7.964810606082246	8.871609994782723	7.3456497211775496	0.0	0.0	0.0	0.0	0.0	0.0	0.0	0.0	0.0	0.0	0.0	0.0	0.0	0.0	0.0	0.0	0.0	0.0	0.0	0.0	0.0	0.0	0.0	0.0	0.0
6.976382220289905	6.921409906459131	7.124464426137751	7.0905494305455745	7.809515628366605	7.528645323847902	8.332010517706248	8.949802225800479	8.941133042608161	9.142031836729725	9.26567864395119	9.05709700805887	9.253272879628312	9.76919508950632	9.213447905958239	9.232531742674265	9.19319580631484	8.82773124753638	8.556455472572114	8.40902103586523	8.781218116197838	8.476748967314101	8.10784905112019	8.718091754004831	9.027763515151852	9.244772356157664	10.375936636962976	10.237133378593674	9.879574680703552	9.384570795698616	9.901900127675972	9.890520479708867	10.134482175774936	9.221034549872934	8.88227231820474	9.43241971504373	10.62815917178905	9.499643515835997	9.969592176649341	10.563703593977424	9.982055131892386	10.393450970366569	9.98937321899745	10.028217645484387	10.208338995832326	10.439751237827966	9.254040141813329	9.591722571570795	8.510417446932204	8.506030092104588	8.373761801207223	7.969881361493737	8.356620095047338	8.129491568369824	8.447339907209589	8.420291222936067	9.181101084903899	8.516481935762307	8.865349119747213	8.855074199389906	8.69274552173863	8.460429181477606	9.38591782985496	8.376831084921227	7.451277458486448	0.0	0.0	0.0	0.0	0.0	0.0	0.0	0.0	0.0	0.0	0.0	0.0	0.0	0.0	0.0	0.0	0.0	0.0	0.0	0.0	0.0	0.0	0.0	0.0
7.440459599117914	7.382239901816769	7.694706606825289	7.597535643357502	8.266463215272484	8.097003463493632	8.849007420631176	9.384720838866693	9.534886095614608	9.657908098521018	9.70731614801506	9.61565629779593	9.760349568767364	10.191256122534648	9.652782408141071	9.663232335543535	9.61275876688452	9.269882100612932	9.000634396704841	8.84428161687946	9.187330443535982	8.876857562141039	8.527776850949467	9.090408096000372	9.4058753746748	9.617171488551772	10.735842433756085	10.573354017887956	10.217007451989796	9.711525405277705	10.222197889098181	10.343357457026565	10.475384167031349	9.69770000975516	9.230726999992727	9.8858520341202	10.885671061260458	9.954316444373537	10.274806013306751	10.900750737749823	10.228954558745379	10.727284313991701	10.26610262023208	10.372836268700729	10.501227432842903	10.829198846888405	9.67395365330381	10.109685319984568	8.963542306369485	9.02411822567742	8.752544492647875	8.481901962296856	8.776962186567488	8.519831517324745	8.806922286918523	8.887684966742357	9.461738070543028	8.960296842074124	9.508926579553217	9.523354844627061	9.445460493637487	9.295580704850318	10.266018041819974	9.200523844113155	8.193044709613854	8.329246676221196	0.0	0.0	0.0	0.0	0.0	0.0	0.0	0.0	0.0	0.0	0.0	0.0	0.0	0.0	0.0	0.0	0.0	0.0	0.0	0.0	0.0	0.0	0.0
7.362545874446514	7.309135443623012	7.574001875353058	7.566038317082363	8.18462847818231	7.978715505363836	8.843857449331441	9.328372238296033	9.396349509809555	9.646618932214961	9.627911019757724	9.482107522598042	9.749322643742449	10.157910112148326	9.64101663159821	9.649650693781814	9.6044077944057	9.257183432747643	8.9884905549516	8.833491817194346	9.190797830347003	8.869131883371224	8.50507097622493	9.097932534522291	9.414669099803081	9.619971311422194	10.742263185726838	10.584694862940223	10.2396855628947	9.72781206907766	10.246609334046452	10.214560506007553	10.45457923524594	9.552086249277993	9.217525314455296	9.765335587780815	10.85660936928603	9.787214041015545	10.1983250342758	10.743288597661646	10.170438958575378	10.500913858670668	10.085130006649655	10.110029202204995	10.241265864672165	10.470032253731297	9.421754832263513	9.625144415113029	8.62178878608606	8.55987339001633	8.410278314679655	8.055689509770328	8.420148920614169	8.137684655650961	8.376390593944489	8.388120246386302	8.799457362027862	8.368567871060428	8.680380235115138	8.60891413236086	8.500538896105175	8.27180108101243	8.979073959043477	7.9389631433548224	6.919405097441931	6.599788141448373	7.087968612690192	0.0	0.0	0.0	0.0	0.0	0.0	0.0	0.0	0.0	0.0	0.0	0.0	0.0	0.0	0.0	0.0	0.0	0.0	0.0	0.0	0.0	0.0
7.354446660575555	7.299280910888823	7.508091549041203	7.459421717225433	8.172569408826362	7.898236014137274	8.699800440985817	9.335137162895423	9.308876255891837	9.513136083546236	9.643020996109538	9.430898279228511	9.620752492660168	10.006411831882223	9.508418783603705	9.512113354719535	9.486404588449496	9.115265127843045	8.831303963267075	8.690994559736346	9.028155724669249	8.716590203963008	8.341496164834597	8.94508603294444	9.264984230011143	9.502994106129622	10.593992895313422	10.489619078174597	10.15687445213972	9.65007841914952	10.155128000427727	10.242000118213948	10.30210757411153	9.58546488531245	9.115888195080704	9.79302080974858	10.768502880595022	9.851863592162982	10.11629590907236	10.747810993953463	10.075902439754696	10.467762699300469	9.968666166843947	10.056660995449988	10.170738601236717	10.528443083637601	9.333726295694946	9.608690140857897	8.544342771561347	8.683250196124163	8.401620678419297	8.198097406603187	8.643398671359844	8.421992620117036	8.675162162996036	8.772620434954202	9.19636036953341	8.734695481439994	9.137689926289971	8.984276612662061	8.645592618928427	8.418706371461095	9.350764114049232	8.480792674694573	7.499078208274053	6.987938561100572	7.432169762410831	8.467340707341878	0.0	0.0	0.0	0.0	0.0	0.0	0.0	0.0	0.0	0.0	0.0	0.0	0.0	0.0	0.0	0.0	0.0	0.0	0.0	0.0	0.0
7.184072523170385	7.154507654093802	7.491914922590097	7.358589958032044	8.0008011303987	7.849284966804117	8.57092450794179	9.140109762188617	9.292431714993047	9.413381150034482	9.459255162907464	9.420350338141354	9.627808960598925	10.002635267108671	9.522428712308866	9.505245027257764	9.481123458162122	9.146703256204416	8.859744096675177	8.74886399842084	9.080555547394688	8.725847359333436	8.34742425991619	8.961984012362297	9.28666338382942	9.543101207462517	10.656674976265572	10.563092574698878	10.235731447330895	9.734905549847975	10.254205412123158	10.169375843552334	10.41225883564307	9.50880610443022	9.254307327254383	9.753277884894008	10.936876002571333	9.849678865108693	10.279315255058547	10.761128931445503	10.18805003752455	10.495566170845736	10.117175349666832	10.091375398531344	10.379870265342268	10.644446426117398	9.569519611736066	9.711708370995735	8.830003480272255	8.872191454971368	8.689004072947956	8.489685970378538	9.003881142531009	8.814448775895421	9.120733019042024	9.252154783827622	9.700515348596626	9.12991150947001	9.678213634099261	9.494928004259334	8.978363799473412	8.718757475286019	9.750261628151625	9.10770361816872	8.131160619698315	7.563706594913806	7.974640910019332	10.37024848258093	9.148231441909111	0.0	0.0	0.0	0.0	0.0	0.0	0.0	0.0	0.0	0.0	0.0	0.0	0.0	0.0	0.0	0.0	0.0	0.0	0.0	0.0
7.279632576449014	7.26467260395128	7.534460660539419	7.5204680669297215	8.11751602140361	7.910826789964398	8.806535053678344	9.274086793664614	9.337489454123293	9.621840444694714	9.59557877930999	9.460463422019506	9.653932754440849	10.046392217793146	9.572255709942468	9.565963874904917	9.545054788312722	9.20182000569646	8.910598866995237	8.793024803396492	9.107002012633002	8.789357611400426	8.392811253196856	9.006061193489883	9.339549054295205	9.573076964950337	10.67909244837044	10.581296415069989	10.258941748022842	9.764021734658078	10.290334413239135	10.366365939043094	10.453306976758515	9.726098321253128	9.293024821495926	9.94943966603287	10.924907588229	10.042252851606941	10.322988836515625	10.88227156599756	10.206974428321557	10.605266335043707	10.11131376143945	10.212849219127461	10.426230163449485	10.81043276311155	9.664421888201016	9.991899247913215	8.982719950967093	9.168159014626404	8.89241667600235	8.693031178511792	9.244310350713404	8.953663058665772	9.281872829184504	9.37425660056053	9.712790398511999	9.273254042310175	9.926909971112352	9.727749016538763	9.172338002973158	8.979483618059234	10.058119915087556	9.298840160214525	8.321599710822579	8.32605800792383	8.612955413164054	10.587123380182758	9.594597873335076	9.037460733023359	0.0	0.0	0.0	0.0	0.0	0.0	0.0	0.0	0.0	0.0	0.0	0.0	0.0	0.0	0.0	0.0	0.0	0.0	0.0
7.753063295745382	7.737063988987797	7.931322680804056	7.856981137200556	8.58237117741578	8.301443537970412	9.121255939750142	9.75288123466592	9.727395797647393	9.94375777812174	10.091013550142279	9.940007604116587	10.151289766267151	10.535712860464962	10.053820965113953	10.036300794937986	10.01541108714509	9.683183329289005	9.370552683998694	9.272468695480502	9.601185731352754	9.248760724039807	8.844056246349343	9.456510788237795	9.795973713296275	10.03624681322063	11.127339584409595	11.027975527014537	10.697861964433308	10.213032634511494	10.73212878302423	10.621663261607726	10.875680445019132	9.963674037803479	9.703540170041206	10.195800258821375	11.312576197860547	10.281266778707371	10.69405719475643	11.123803024783498	10.548695541284387	10.846859638081249	10.435047686445543	10.435717776426271	10.723838302699136	11.004232254924345	9.999497933522504	10.247242057105783	9.361639717677365	9.49488183842808	9.232252546670034	9.01394439335063	9.530780327064313	9.24314233264258	9.569599268049162	9.655989733947598	10.085209024931459	9.710349159455179	10.42156586931667	10.176253384428085	9.64271714303636	9.548314397390666	10.517588726090183	9.656937546658519	8.626869979067886	8.284207959514216	8.295408649817762	9.536171602819955	8.666041444963474	7.782958137990545	6.955008645338169	0.0	0.0	0.0	0.0	0.0	0.0	0.0	0.0	0.0	0.0	0.0	0.0	0.0	0.0	0.0	0.0	0.0	0.0
7.216118454511919	7.209086501890205	7.573285471567313	7.405281272207264	8.062164619699232	7.958079925579115	8.690613496866371	9.234798397578029	9.428260585709108	9.54557556291544	9.610318596168977	9.490310747362507	9.689852883782937	10.074370679861989	9.593597630857815	9.597334951994647	9.58169806691564	9.229082241642235	8.942374091119524	8.828266126177825	9.171213019106524	8.841968102784735	8.459608044092581	9.094076051465029	9.44108804035256	9.688955681533827	10.810751150748311	10.723559640803137	10.386687748531136	9.911565985812304	10.418220414594396	10.509914132534695	10.590727549031815	9.876231285358259	9.392854684542012	10.089266353229124	11.094889953242681	10.243493370477342	10.51993093763735	11.117006255385641	10.418471516374249	10.872754724736925	10.320559897139367	10.433665669084084	10.611193631934057	11.04470223792524	9.871982213348137	10.31531640209858	9.331729147268577	9.463833752124046	9.24237162444807	8.983576650672036	9.480015720439534	9.21244149595153	9.543494667229208	9.533696571410522	10.085026874671987	9.536705551195473	10.064275027166294	9.94746957034882	9.474502534080939	9.280745044735433	10.149136835241308	9.317755736335311	8.30159361627667	7.408797060716874	7.590469295520079	8.631727770202465	8.003343176581255	7.1892277314492485	7.141813213076614	8.244627513869384	0.0	0.0	0.0	0.0	0.0	0.0	0.0	0.0	0.0	0.0	0.0	0.0	0.0	0.0	0.0	0.0	0.0
6.772507496261845	6.771745603802122	7.068161593589598	7.050962447657292	7.672480896335334	7.476157342001873	8.436657670979582	8.934751031744442	9.019113462173591	9.302760787494202	9.369839967302902	9.243944770497984	9.450752717866594	9.85136065954451	9.38232641165593	9.377391170108599	9.35500508579257	9.02178691435065	8.744787521390476	8.637091298010695	8.996315121749557	8.631023189333485	8.24862542803814	8.900498558636096	9.246895476844562	9.492730657937685	10.650304450633444	10.53544860114002	10.219666230662106	9.728539010869842	10.281392829750734	10.208241320474269	10.487720071401304	9.52429105293203	9.26722004798813	9.789890430810784	11.016007151684432	9.974042797440797	10.417462551897717	10.919945653923996	10.338514774579298	10.688923009381861	10.28495216742372	10.305864986477411	10.60227114392916	10.913943649929996	9.840642815735217	10.167653510160731	9.157084051644679	9.289361240767816	9.044568158353412	8.79439442604947	9.264357217198297	8.955445810950208	9.319109107403245	9.307152961080773	9.622170900201167	9.079662504660774	9.537321446209278	9.525985064034458	9.078963917109181	8.71947757610911	9.425138720720645	8.753194987138599	7.74178950188576	7.157888609067496	7.212177170011485	8.089105785811773	7.741232223787613	6.962668371869808	6.537271005810532	7.408067493399592	7.249027493822292	0.0	0.0	0.0	0.0	0.0	0.0	0.0	0.0	0.0	0.0	0.0	0.0	0.0	0.0	0.0	0.0
7.2002388505594155	7.196547091888317	7.382303809926102	7.302074330397946	8.111596244548211	7.826175731007421	8.686812900341272	9.363693911077219	9.319413586729157	9.52568233609085	9.598610408724742	9.470701534678598	9.672326018132694	10.095579976887835	9.618936286828477	9.616201583577789	9.61458954772504	9.261898100377593	8.991623329689167	8.88112547048427	9.255612087159728	8.913732710352154	8.521962919232152	9.179158822262014	9.521059817803023	9.787625499660665	10.946367052237465	10.844064663050416	10.515264441157504	10.011289975688761	10.55393759524902	10.697338114484653	10.763483726556228	10.055638899537108	9.546020474959297	10.307453747623114	11.312823894962504	10.379645711093866	10.703847944526293	11.345669733836056	10.645377581334099	11.11205559923238	10.55191219839949	10.718319848686603	10.880040760655694	11.257111247057514	10.129071293273695	10.558399941797962	9.495797985956036	9.630873473862652	9.335312479259256	9.077381540842474	9.490420620829035	9.126699861354552	9.487398211446694	9.191579005410517	9.417206588931865	8.708280459889297	8.99695397978812	9.072769884309484	8.60218277095754	8.301261521469858	8.979209750067929	8.294611982024328	7.637475708450584	7.6310288205185275	8.088230879688787	8.654586732562395	8.690743379391694	8.426285431735044	7.706249981995253	8.843640668460477	9.518919807991152	12.325901975742738	0.0	0.0	0.0	0.0	0.0	0.0	0.0	0.0	0.0	0.0	0.0	0.0	0.0	0.0	0.0
7.423652402381864	7.447128159321437	7.829768079140589	7.64852861137819	8.344245912501647	8.247135615175292	9.017187125429748	9.561747024720876	9.768456958016126	9.957878281672981	10.031247324148744	9.912704063259586	10.11234572960718	10.508010814226182	10.03109749435821	10.035246807809166	10.016178876249546	9.674334688837417	9.368680421800832	9.269720136495096	9.638035873443558	9.287189335123378	8.911894880487862	9.57448884715758	9.910436030152361	10.148965366035739	11.292156387976807	11.186389923213405	10.863589577683495	10.3746038169334	10.898788406901978	10.819780714388001	11.09185197083241	10.140706746458752	9.88474917698807	10.431091469356325	11.595653486550596	10.42731601346251	10.92744015747387	11.381766025419395	10.822448681444659	11.113070619805773	10.69062624626615	10.689237026396277	10.973870262581993	11.260182629708968	10.094296284694284	10.450551678445628	9.44663242108359	9.565406816742705	9.329565112282511	9.051151807442828	9.440524304218801	9.187125134177867	9.52385846958459	9.279615192711002	9.629851908027538	8.988280412709743	9.33247975932986	9.223986613638676	8.730972098388246	8.46598746491539	9.023605590336333	8.434766094435071	7.724531760662627	7.551372093280838	8.157631191789713	8.52371215375052	8.360580934543552	8.008326459099951	7.453512643903525	7.848310526088362	7.917453767641377	9.350641648667509	9.106795593761586	0.0	0.0	0.0	0.0	0.0	0.0	0.0	0.0	0.0	0.0	0.0	0.0	0.0	0.0
7.523163528076244	7.539017455669779	7.828748408819094	7.827680468524527	8.43928067637966	8.232479618148203	9.1983932523288	9.653174824013115	9.710587138739642	9.920333168847337	9.99839840319075	9.880349169091552	10.075969217037013	10.477981853402781	10.010721940405043	10.010643603097687	10.010950665460571	9.657716832867921	9.345922803874275	9.25157157963506	9.602920823039781	9.263624974757995	8.88875985601642	9.555617635954182	9.89029199462625	10.154561125122624	11.264514135863282	11.187282728172121	10.874860782548136	10.38796369533298	10.889401600230933	10.979187620280452	11.042816315015877	10.320396920774945	9.865918077865294	10.596757112712217	11.57809437713661	10.607101021965303	10.90778508048505	11.507191898551062	10.800215194042911	11.211935041899212	10.639199644075278	10.757172212231065	11.008759975148063	11.323532087452993	10.159374309230806	10.415574921377102	9.458203938424802	9.594422979842802	9.369692886119054	9.134181115891051	9.57377242910801	9.360091995282238	9.690201729013708	9.510335833361422	9.832828029322515	9.23398349112127	9.573182177719683	9.411294525083857	8.862918747894492	8.632019511012398	9.21982993129276	8.690789332121897	7.931152075149273	7.7345970992652235	8.255104320135478	8.422894344314917	7.9945779423627545	7.53918644557816	7.018770876092727	7.2417669171878565	7.368995008185396	8.12820157901475	8.34158996682769	7.2835498597020765	0.0	0.0	0.0	0.0	0.0	0.0	0.0	0.0	0.0	0.0	0.0	0.0	0.0
7.978867916243261	8.013953887259646	8.270159503994359	8.18980736962902	8.939643923496847	8.67232836420287	9.53696575495198	10.187448919177019	10.264215845120747	10.462167686964682	10.523486305843083	10.395734532188749	10.601867688717014	10.989426983492192	10.520806679398069	10.502692078235786	10.502869285314915	10.15059279547155	9.848318766283281	9.75393041537523	10.073919513885732	9.73554683916102	9.358210475140968	10.032456724862957	10.37168084629433	10.645406318010481	11.75432388480284	11.665971579272195	11.341808446332646	10.845782141497377	11.336928885947144	11.272076202414556	11.49370643440145	10.59165233661946	10.32182743604156	10.874535824177638	12.06851912102961	10.926527269765716	11.328249987481058	11.815656700502773	11.210925885523032	11.51016377228874	11.00563706009207	11.064547605612225	11.266591611256931	11.590181721842876	10.377920238205448	10.523178364284707	9.552070429112058	9.674702718793823	9.419662573277071	9.224009825950176	9.614619901228512	9.413023319437148	9.707304234285692	9.50357929619654	9.775423010297997	9.086587411979655	9.252498368932939	9.122839362259308	8.686364508334705	8.424854087144192	8.923748054050964	8.46439492621314	7.782308063803957	7.492106668944235	7.84082538988898	7.79271270584568	7.3633388621823705	7.10097430869656	7.033000624551029	7.350510491344065	7.396191021953096	7.750737388342016	8.121192706931621	8.883945230712008	8.542713144798023	0.0	0.0	0.0	0.0	0.0	0.0	0.0	0.0	0.0	0.0	0.0	0.0
7.948017714805373	7.995129543829519	8.37884613241242	8.22821213754437	8.923383138784514	8.77127087060877	9.549916078176706	10.166383338893818	10.263536642963178	10.465371622474056	10.542391709005832	10.421479784810135	10.614787107964872	10.987656665953855	10.520354601431215	10.521365772350016	10.500744037472586	10.163450311725109	9.836076469974948	9.732161514648828	10.067567219421626	9.749469573926921	9.379998085390202	10.064663072790443	10.410297905383477	10.682808312540603	11.793288247226572	11.710288411436862	11.379766795010063	10.893668456422676	11.373065784817705	11.435611401631228	11.541931446226227	10.78495703310363	10.362817905155028	11.032028978016312	12.151026567623367	11.14441475723366	11.457306750200443	12.004373970285924	11.339681148507744	11.727360435609857	11.198276951764822	11.236924295131752	11.453945189370561	11.812942254072965	10.584267728002951	10.733857541492021	9.782924138807214	9.888579114594679	9.67049355098344	9.477729459480612	9.850568603919966	9.704475799179233	9.98148319026848	9.84386293933918	10.253526600836759	9.534318227273582	9.687383126731184	9.575898409812059	9.207696261209891	8.927685534705994	9.367958913527751	8.899146974022287	8.124454547930174	7.490627588558056	7.766524165480709	7.943867772682772	7.527592778730568	7.135333080176528	7.356590291489017	7.536726565097691	7.205830639419087	7.541415943623327	8.872189727724443	9.55785352761707	9.582466279850689	11.441178695874417	0.0	0.0	0.0	0.0	0.0	0.0	0.0	0.0	0.0	0.0	0.0
7.846135967702534	7.903319507952568	8.219026782073533	8.227198923689592	8.830060368988278	8.630766261570768	9.591495828521893	10.202523253302733	10.299854591072162	10.508708971662125	10.594021792840193	10.47747271265952	10.672728789032488	11.060507800070653	10.60183059788312	10.59921863019737	10.585635941851919	10.249348156280194	9.93771687132662	9.83961125976172	10.179016424664683	9.82296602942496	9.450542888283438	10.147617485390535	10.495289461022551	10.753567231721657	11.888312598797718	11.788538376076385	11.478784839477525	10.969199221275641	11.470395250812325	11.38969057765161	11.647166917965697	10.703057477397103	10.472102326145635	10.98350239347246	12.307368222435636	11.153683323794288	11.60849076677863	12.04752732311555	11.469955863213928	11.845817637240149	11.321584376892304	11.361191625005244	11.616231771253515	11.997876765441214	10.768939330189733	10.91975298490509	9.971318861868156	10.104518597908541	9.89931152003375	9.701966283879164	10.100876417861237	9.959437266611486	10.265741599528841	10.14732291459522	10.58538477865293	9.81895968778724	10.019435201839974	9.919680119809373	9.5216200371959	9.23161006447109	9.69729821497052	9.24583887456936	8.446579302058565	7.795642938438936	8.093847278103445	8.413311623370761	7.945406464226038	7.392122123278531	7.586824571043559	7.8050753556221215	7.333890924865677	7.60708342421981	8.935741274894303	9.698002602925522	9.64629248648829	10.94523994397716	8.25710487295061	0.0	0.0	0.0	0.0	0.0	0.0	0.0	0.0	0.0	0.0
7.422602803340202	7.454272404205682	7.70433041400238	7.6422192092747325	8.415441314176798	8.152882148936794	9.004735936748085	9.658743735886011	9.796573198653785	10.021498005360966	10.091329386524423	9.973623303212214	10.175382474113349	10.572568224438433	10.120558574909783	10.095034117770643	10.1042549652882	9.75269378209306	9.455337757651924	9.35331209097351	9.710119537448636	9.370334022186029	8.99274677141156	9.688717161233573	10.03336996141234	10.314120789775119	11.450505852110714	11.361145026688408	11.038083461807483	10.5342575428463	11.049075108044724	11.128361677661832	11.214031266943367	10.4708950323824	10.010037321997272	10.738805658452035	11.843889240018099	10.881736525320761	11.176774925576101	11.793072684348559	11.150088639686313	11.524909352316355	11.012243552782254	11.045287689679958	11.291159138131725	11.646776954740172	10.421692814514527	10.548642677578906	9.576731559248577	9.669687786144387	9.455095178361056	9.239349930906602	9.610704033841856	9.438426545056574	9.747020716024819	9.640190519135151	9.956001850851488	9.247310531082913	9.39972219903523	9.371666656251843	9.002350373607646	8.610091805893127	8.971368825761642	8.577487641578156	7.748525185678585	7.116727808628259	7.295770085801925	7.557864059161997	7.2327092434073315	6.773435725612067	6.90944073235478	7.1700736390444515	6.694722630882182	6.3989988466270225	7.726194795559004	8.405759799938547	8.525168163139455	9.20345537814306	7.635049647088733	7.692296698879614	0.0	0.0	0.0	0.0	0.0	0.0	0.0	0.0	0.0
6.778610702202638	6.855096474108152	7.234555591505789	7.091721710893389	7.778966455892361	7.677177082651024	8.56282073039705	9.237897321520476	9.395119775425492	9.63129844097963	9.724838834558675	9.610671755960583	9.833715908572026	10.192726823615185	9.757735128649326	9.739176310397063	9.751236374430507	9.419331571179168	9.122514437638209	9.05247850253378	9.41298194087162	9.063570846832524	8.679573533105756	9.384744253161108	9.730244780213614	10.020263391222244	11.154898791603424	11.090741545470406	10.783767881209412	10.290384921435255	10.810575274445577	10.705963609967418	10.946379634642916	10.010276542187183	9.763379091912094	10.308071641610672	11.631814204041632	10.525625912445921	10.979290426043413	11.545006790467284	10.886851750244185	11.249828511604447	10.720206811967314	10.711172451983481	10.984829951306839	11.352393272139203	10.083536045432552	10.175450089709843	9.246456336619582	9.401478739233013	9.232289782178748	8.982304412110993	9.435154391270883	9.352352234337102	9.653854721480053	9.614897605416362	10.037736457004689	9.343908437863114	9.482919686567278	9.417019735175836	8.960049314431727	8.552227349965243	8.990326741237016	8.644119535646784	7.820697245457682	7.034164925459052	7.434281420996667	7.6367559313869515	7.17446856317315	6.641597312651403	6.8244334804402955	7.089072546203987	6.522505489574225	6.463396581882204	7.958426204070141	8.130250728322594	8.043113293362627	9.247418328436007	7.987143356994554	7.73277091937118	9.631609312965812	0.0	0.0	0.0	0.0	0.0	0.0	0.0	0.0
6.306564116534117	6.360582837793127	6.6914425562682585	6.714600790398457	7.302833073263367	7.144828398300431	8.020813501460873	8.70608007057443	8.869090820963997	9.108647041572757	9.208870363270089	9.11840740978706	9.328090193239534	9.690653550023145	9.267860522158605	9.263740203798168	9.281260778210136	8.940389317013908	8.677243131551332	8.585086637109663	8.949440683619162	8.619122340422525	8.233191404288934	8.960231374294121	9.30405937581436	9.601784635909649	10.76266253585249	10.700758471341693	10.396011989554585	9.894741410399337	10.413259455411795	10.471300422494839	10.551585236661385	9.812907477727006	9.335898863656151	10.096160367001994	11.255320663081115	10.327686185205142	10.712672473931597	11.30626082736348	10.646883256873124	11.010552681146622	10.475765827579007	10.464047025906607	10.718559265675598	11.091058672444394	9.830775906098628	9.930002272534905	8.989821055347834	9.149254411121094	8.97549055122922	8.702947966291974	9.171143288815697	9.067248634105205	9.363187444588002	9.333086933319228	9.70921867610794	9.015240108868648	9.10950219540793	9.11291213525142	8.66662342859408	8.2129760121241	8.666671851797425	8.31746152292824	7.506100096576954	6.694434399362065	7.080419560492766	7.248802106848013	6.810454635852052	6.328479800387603	6.522126558803359	6.901795950721351	6.220706411944266	5.997583481208785	7.422840282213697	8.02385969494801	8.158584273281077	9.367617893112982	8.37915239567085	8.219275386533663	9.211240902181242	7.515599666744487	0.0	0.0	0.0	0.0	0.0	0.0	0.0
6.650668840207502	6.7085607159689875	6.94997172269452	6.878179557568901	7.627802922825292	7.4899387224783895	8.422308645235761	9.141237558074975	9.304727570501084	9.533319750600446	9.635232456978548	9.545465558420156	9.760690367076922	10.1227789845264	9.703503741767394	9.696422355883985	9.700114443343537	9.377930837654182	9.113291836322599	9.024545425917353	9.389212133232348	9.035814831340648	8.649752920898678	9.382388307069606	9.732963024710932	10.013858945341793	11.190408735473241	11.108523401703197	10.820389090011474	10.304038304396531	10.838409637917401	10.726654474176426	11.004145053023699	10.048857829479772	9.79295161294664	10.34593518019105	11.724518742395809	10.713499413856129	11.117165538204418	11.700672612905015	11.025765330068104	11.415103801941173	10.882920892511939	10.88614857663086	11.14395112736905	11.567105949635623	10.303713576705654	10.438733850578096	9.499325808457963	9.66266680891413	9.508360060911697	9.243740007878253	9.707058371567348	9.59004000949531	9.898857147768117	9.89118767816658	10.308946995135587	9.634965381443841	9.763025039278936	9.763183471706366	9.371900426672823	8.933574358296273	9.387282119322244	8.997297528108945	8.128766157829677	7.2760400107672245	7.553705500029658	7.854070087122576	7.458755899431168	6.922252327796372	7.0773989902654995	7.392794696460513	6.683526543487415	6.418753907430645	7.965353220616714	8.682184009799863	8.795317087227422	10.002980780154582	8.617450586124322	8.070447832827849	8.544209084018293	7.067749160046427	6.770637498722822	0.0	0.0	0.0	0.0	0.0	0.0
6.534583931302216	6.581075788637516	6.985745687066575	6.843961657556979	7.531050014410618	7.387747647707625	8.272898525401857	8.995524597775198	9.160763880079047	9.396819963846763	9.477603591903103	9.404200198069574	9.619138520948091	10.006511692402148	9.580291274220928	9.55660130614415	9.577328680906243	9.233584333724027	8.96902310557086	8.873946459392128	9.250043089950351	8.919429930885395	8.531722148855678	9.27290870773746	9.617179766528636	9.911030138918097	11.081702684331578	11.008943461465718	10.69868084936622	10.188040644593022	10.710867080463798	10.743741645007772	10.851027473305928	10.08451379930578	9.62451841148798	10.366084622991647	11.584984216735469	10.550914202133523	10.958936759237346	11.533861256240451	10.869699382430651	11.23364946179759	10.704538890388047	10.709255182368828	10.922498648871041	11.264837657668396	10.025727144673056	10.128976096435485	9.19138063011713	9.309509441351603	9.13485775174494	8.849545640995663	9.25195435452594	9.117709426065492	9.389958180335348	9.34886075161102	9.649550558476268	9.002489318489117	9.080707376062598	9.08881285923891	8.704824318605548	8.230267446060042	8.585818832617429	8.232897348855694	7.429571351116949	6.663140721933799	6.943188020359361	7.141181109898063	6.851752115681286	6.442226286752198	6.542797853778041	6.794063907681884	6.164861422530237	5.794972821991319	6.903294980815349	7.18013618191981	7.309159739487587	8.150323016699044	7.320482754774975	7.054887307224853	6.326208716117219	5.673684572533418	5.3824892153592305	5.958018696641147	0.0	0.0	0.0	0.0	0.0
6.140735620972917	6.182463639537282	6.529065173554563	6.54221068539843	7.224909913191273	7.090417409075201	8.004643912144381	8.704272414737144	8.874228449682677	9.126503396375794	9.237807014189986	9.16142061573772	9.392576087427292	9.755899971113116	9.341142233899523	9.320764965730895	9.346890760333501	9.026479893643868	8.74262862857049	8.66816124118043	9.052933678032288	8.711762634873399	8.328173674720556	9.065713677050518	9.402544660956078	9.70171940143315	10.895143014016387	10.850348085111921	10.550463012096147	10.04564935599615	10.591893439956687	10.467764291470797	10.730611577103263	9.791751906554424	9.530273030320265	10.19838738622354	11.425000350616502	10.352609247005512	10.761525697507928	11.377245159270487	10.70184236693883	11.061656992128626	10.530953372585905	10.51962691247241	10.745158057695539	11.059888085015334	9.7861259594848	9.883970497349914	8.933471747679766	9.070743349156729	8.911342685866822	8.59960166893161	9.006849766846564	8.903857659929278	9.174917302418372	9.07271417341924	9.365247599352248	8.684546623231398	8.711524327629958	8.732750188017938	8.30257813599533	7.810819580665762	8.135840719105998	7.86370010605203	7.149009222819307	6.4780636162523315	6.927496440682958	7.032351661484556	6.733757210611279	6.327040444633059	6.418548181629802	6.706630741794729	6.1030533422025055	5.785898305128844	6.539351907138778	6.598589870446056	6.641720884670912	7.562441681148045	7.178494605146631	6.950360080685078	6.48744985357743	5.375915670395569	5.167468004627416	6.361302193290241	6.079580521590287	0.0	0.0	0.0	0.0
6.413258436276034	6.4365902778790485	6.711749932861183	6.618220412859771	7.303329490920482	7.1703184990354325	8.07193515958865	8.767625235140184	8.951864410693595	9.183722582029214	9.301243356840562	9.247227768023873	9.461747330628853	9.824906491503729	9.413886524328273	9.413333687089333	9.437489728880056	9.108361252694891	8.848028153150842	8.76766832594939	9.16004810284939	8.838068811259228	8.452772509387533	9.210017231910731	9.54017368403871	9.849379454082847	11.054805352064866	11.012905935953754	10.719997466600597	10.212021097558402	10.751390476019376	10.803716106450254	10.880442410410025	10.136859193524957	9.77417934714268	10.438901728385211	11.660279441756293	10.587581176803035	11.019508078941763	11.624070984096619	10.938068121177004	11.311705978260674	10.796959694787446	10.790937052739114	11.031640354386488	11.336554018770878	10.047091766653606	10.110972337711372	9.189833082475989	9.356397059301282	9.175482847618557	8.879808977334033	9.329511377848513	9.252843529198794	9.549181556238636	9.520506783539064	9.782397503059753	9.124739970824846	9.212605179185848	9.192575051644969	8.724088223022978	8.192441795436752	8.514773615964955	8.32849074671056	7.60466760285187	6.928374057621707	7.363829375699451	7.577561672024836	7.241946798969739	6.744643543323921	6.870453936110343	7.199731254651055	6.649589553617768	6.299363820892538	7.314751376715902	7.274399130022294	7.380689572998187	8.702632328519542	8.2758494278792	7.946672762505596	7.398243869822942	6.180744010717463	6.111324128167225	6.960239194364444	7.093496726093516	8.196132654557811	0.0	0.0	0.0
6.775258124334628	6.836502269959968	7.2572163835855985	7.19296010500873	7.872391182747602	7.760951091319798	8.698053058710864	9.421886399639272	9.604291740702156	9.84726700866564	9.969620465629923	9.922238710045441	10.141184064303289	10.507878590964069	10.096243123989272	10.097061572993882	10.117685249950918	9.791196680653945	9.544689393056212	9.474625795968093	9.878884932409102	9.525845033922	9.11324366120049	9.881237148851426	10.201186350444196	10.53971915911055	11.763714491056573	11.723335296437961	11.426204452131412	10.903952287637491	11.472144103533198	11.364108660548236	11.588869895824976	10.723469486360067	10.35164779233557	11.028892178862268	12.256161920371897	11.183039602417292	11.596443587724492	12.226360591811378	11.54134003159668	11.893166012707324	11.375280320430331	11.345524698101892	11.608334238000003	11.887238715889652	10.57717078132362	10.616284654769501	9.722238773386643	9.90644063973754	9.683982368280745	9.404678941895384	9.882602394420045	9.81163773557089	10.112824749525231	10.105838541059235	10.305403049121276	9.597964728716034	9.693181757166359	9.717309001988069	9.160724475005775	8.61314346375903	8.960811341076953	8.89418510287279	8.243310844252491	7.564969359057188	7.976912748471335	8.24022064731145	7.845556461887118	7.283405807824304	7.479877260923632	7.934728252816979	7.3974972076469605	7.094400204307483	8.121869958629508	8.18582108890577	8.378175328366687	9.61416052626093	9.289507777369916	8.968607680858547	8.536417761497928	7.418559491202633	7.1114974925583185	7.899609775890862	8.352219265609438	8.866306106512297	6.853314156448556	0.0	0.0
6.07619333213975	6.120028749923235	6.469104924510381	6.414702971971783	7.131527083943346	7.024859520253647	7.953808120953685	8.696685548213233	8.896167635393216	9.136275180294227	9.265228835828585	9.210020115127927	9.4299377340244	9.802436719616924	9.392411445577931	9.389734522601895	9.414510042238364	9.09562487713738	8.879211042502419	8.789919835254237	9.199996000873117	8.887906171300006	8.471528527373058	9.24699018607575	9.560369519771585	9.917188337449852	11.162818735761988	11.130556643194856	10.868448631629587	10.34145834745198	10.914157788498327	10.966830099077749	11.124896231211427	10.25655299432463	9.887808440566676	10.572218131389915	11.832000113241788	10.730231707672173	11.152451378785818	11.813048114241152	11.121633640764797	11.485293190938059	10.980009392922371	10.972747441242804	11.229056429480968	11.502359506484021	10.167103635354726	10.149468974738701	9.245215585728918	9.41212005777959	9.211399322365608	8.949732324449599	9.404419580617812	9.351012863252118	9.666216434307362	9.657265369708613	9.762882130866098	9.037408645980666	9.054489375010428	9.107128637899631	8.58077712488049	7.9699647774151	8.2706650790545	8.321072097960393	7.733234696457495	7.2503960316692915	7.734319298911886	7.8864183378552815	7.542331484368321	7.056383947515005	7.277097222320134	7.861227048128529	7.421147087321888	7.005599572915051	7.946275513127306	8.210424026168937	8.293920387441311	9.199874706581827	9.113945991677618	8.876897756739504	8.408244415248564	7.487494706461028	7.076585388718128	8.158724059870465	8.585135082111636	8.723624511345184	7.306641209299512	7.982251620732114	0.0
