0.0	0.0	0.0	0.0	0.0	0.0	0.0	0.0	0.0	0.0	0.0	0.0	0.0	0.0	0.0	0.0	0.0	0.0	0.0	0.0	0.0	0.0	0.0	0.0	0.0	0.0	0.0	0.0	0.0	0.0	0.0	0.0	0.0	0.0	0.0	0.0	0.0	0.0	0.0	0.0	0.0	0.0	0.0	0.0	0.0	0.0	0.0	0.0	0.0	0.0	0.0	0.0	0.0	0.0	0.0	0.0	0.0	0.0	0.0	0.0	0.0	0.0	0.0	0.0	0.0	0.0	0.0	0.0	0.0	0.0	0.0	0.0	0.0	0.0	0.0	0.0	0.0	0.0	0.0	0.0	0.0	0.0	0.0	0.0	0.0	0.0	0.0	0.0	0.0	0.0	0.0	0.0
12.12188308566784	0.0	0.0	0.0	0.0	0.0	0.0	0.0	0.0	0.0	0.0	0.0	0.0	0.0	0.0	0.0	0.0	0.0	0.0	0.0	0.0	0.0	0.0	0.0	0.0	0.0	0.0	0.0	0.0	0.0	0.0	0.0	0.0	0.0	0.0	0.0	0.0	0.0	0.0	0.0	0.0	0.0	0.0	0.0	0.0	0.0	0.0	0.0	0.0	0.0	0.0	0.0	0.0	0.0	0.0	0.0	0.0	0.0	0.0	0.0	0.0	0.0	0.0	0.0	0.0	0.0	0.0	0.0	0.0	0.0	0.0	0.0	0.0	0.0	0.0	0.0	0.0	0.0	0.0	0.0	0.0	0.0	0.0	0.0	0.0	0.0	0.0	0.0	0.0	0.0	0.0	0.0
11.629555238479124	10.920593044108223	0.0	0.0	0.0	0.0	0.0	0.0	0.0	0.0	0.0	0.0	0.0	0.0	0.0	0.0	0.0	0.0	0.0	0.0	0.0	0.0	0.0	0.0	0.0	0.0	0.0	0.0	0.0	0.0	0.0	0.0	0.0	0.0	0.0	0.0	0.0	0.0	0.0	0.0	0.0	0.0	0.0	0.0	0.0	0.0	0.0	0.0	0.0	0.0	0.0	0.0	0.0	0.0	0.0	0.0	0.0	0.0	0.0	0.0	0.0	0.0	0.0	0.0	0.0	0.0	0.0	0.0	0.0	0.0	0.0	0.0	0.0	0.0	0.0	0.0	0.0	0.0	0.0	0.0	0.0	0.0	0.0	0.0	0.0	0.0	0.0	0.0	0.0	0.0	0.0	0.0
9.804470723380286	9.668540851592798	10.30131892837399	0.0	0.0	0.0	0.0	0.0	0.0	0.0	0.0	0.0	0.0	0.0	0.0	0.0	0.0	0.0	0.0	0.0	0.0	0.0	0.0	0.0	0.0	0.0	0.0	0.0	0.0	0.0	0.0	0.0	0.0	0.0	0.0	0.0	0.0	0.0	0.0	0.0	0.0	0.0	0.0	0.0	0.0	0.0	0.0	0.0	0.0	0.0	0.0	0.0	0.0	0.0	0.0	0.0	0.0	0.0	0.0	0.0	0.0	0.0	0.0	0.0	0.0	0.0	0.0	0.0	0.0	0.0	0.0	0.0	0.0	0.0	0.0	0.0	0.0	0.0	0.0	0.0	0.0	0.0	0.0	0.0	0.0	0.0	0.0	0.0	0.0	0.0	0.0	0.0
9.510193078926175	10.347246124256442	10.070569394674386	10.163954906313123	0.0	0.0	0.0	0.0	0.0	0.0	0.0	0.0	0.0	0.0	0.0	0.0	0.0	0.0	0.0	0.0	0.0	0.0	0.0	0.0	0.0	0.0	0.0	0.0	0.0	0.0	0.0	0.0	0.0	0.0	0.0	0.0	0.0	0.0	0.0	0.0	0.0	0.0	0.0	0.0	0.0	0.0	0.0	0.0	0.0	0.0	0.0	0.0	0.0	0.0	0.0	0.0	0.0	0.0	0.0	0.0	0.0	0.0	0.0	0.0	0.0	0.0	0.0	0.0	0.0	0.0	0.0	0.0	0.0	0.0	0.0	0.0	0.0	0.0	0.0	0.0	0.0	0.0	0.0	0.0	0.0	0.0	0.0	0.0	0.0	0.0	0.0	0.0
10.000180066496547	10.18279389328101	10.472799250492164	10.523485241500667	10.782153803891623	0.0	0.0	0.0	0.0	0.0	0.0	0.0	0.0	0.0	0.0	0.0	0.0	0.0	0.0	0.0	0.0	0.0	0.0	0.0	0.0	0.0	0.0	0.0	0.0	0.0	0.0	0.0	0.0	0.0	0.0	0.0	0.0	0.0	0.0	0.0	0.0	0.0	0.0	0.0	0.0	0.0	0.0	0.0	0.0	0.0	0.0	0.0	0.0	0.0	0.0	0.0	0.0	0.0	0.0	0.0	0.0	0.0	0.0	0.0	0.0	0.0	0.0	0.0	0.0	0.0	0.0	0.0	0.0	0.0	0.0	0.0	0.0	0.0	0.0	0.0	0.0	0.0	0.0	0.0	0.0	0.0	0.0	0.0	0.0	0.0	0.0	0.0
10.023669087337403	10.717686167519393	10.760199214922386	10.610414553705075	10.344359681824864	10.909052512773519	0.0	0.0	0.0	0.0	0.0	0.0	0.0	0.0	0.0	0.0	0.0	0.0	0.0	0.0	0.0	0.0	0.0	0.0	0.0	0.0	0.0	0.0	0.0	0.0	0.0	0.0	0.0	0.0	0.0	0.0	0.0	0.0	0.0	0.0	0.0	0.0	0.0	0.0	0.0	0.0	0.0	0.0	0.0	0.0	0.0	0.0	0.0	0.0	0.0	0.0	0.0	0.0	0.0	0.0	0.0	0.0	0.0	0.0	0.0	0.0	0.0	0.0	0.0	0.0	0.0	0.0	0.0	0.0	0.0	0.0	0.0	0.0	0.0	0.0	0.0	0.0	0.0	0.0	0.0	0.0	0.0	0.0	0.0	0.0	0.0	0.0
10.332755646808003	10.777160558270717	11.276355186574285	11.017029897410323	10.55671725018204	11.373516611688407	12.634167043626299	0.0	0.0	0.0	0.0	0.0	0.0	0.0	0.0	0.0	0.0	0.0	0.0	0.0	0.0	0.0	0.0	0.0	0.0	0.0	0.0	0.0	0.0	0.0	0.0	0.0	0.0	0.0	0.0	0.0	0.0	0.0	0.0	0.0	0.0	0.0	0.0	0.0	0.0	0.0	0.0	0.0	0.0	0.0	0.0	0.0	0.0	0.0	0.0	0.0	0.0	0.0	0.0	0.0	0.0	0.0	0.0	0.0	0.0	0.0	0.0	0.0	0.0	0.0	0.0	0.0	0.0	0.0	0.0	0.0	0.0	0.0	0.0	0.0	0.0	0.0	0.0	0.0	0.0	0.0	0.0	0.0	0.0	0.0	0.0	0.0
11.336896252573032	11.727953753697031	11.857472251878114	12.106693508634695	11.545105432817302	11.763396746682332	12.25593577773558	12.1206879947324	0.0	0.0	0.0	0.0	0.0	0.0	0.0	0.0	0.0	0.0	0.0	0.0	0.0	0.0	0.0	0.0	0.0	0.0	0.0	0.0	0.0	0.0	0.0	0.0	0.0	0.0	0.0	0.0	0.0	0.0	0.0	0.0	0.0	0.0	0.0	0.0	0.0	0.0	0.0	0.0	0.0	0.0	0.0	0.0	0.0	0.0	0.0	0.0	0.0	0.0	0.0	0.0	0.0	0.0	0.0	0.0	0.0	0.0	0.0	0.0	0.0	0.0	0.0	0.0	0.0	0.0	0.0	0.0	0.0	0.0	0.0	0.0	0.0	0.0	0.0	0.0	0.0	0.0	0.0	0.0	0.0	0.0	0.0	0.0
11.142445386683775	11.339962969959656	11.45063358670579	11.486162472550768	10.974580296498308	11.229271898049939	10.956442114119456	10.884942245893901	12.438988316931365	0.0	0.0	0.0	0.0	0.0	0.0	0.0	0.0	0.0	0.0	0.0	0.0	0.0	0.0	0.0	0.0	0.0	0.0	0.0	0.0	0.0	0.0	0.0	0.0	0.0	0.0	0.0	0.0	0.0	0.0	0.0	0.0	0.0	0.0	0.0	0.0	0.0	0.0	0.0	0.0	0.0	0.0	0.0	0.0	0.0	0.0	0.0	0.0	0.0	0.0	0.0	0.0	0.0	0.0	0.0	0.0	0.0	0.0	0.0	0.0	0.0	0.0	0.0	0.0	0.0	0.0	0.0	0.0	0.0	0.0	0.0	0.0	0.0	0.0	0.0	0.0	0.0	0.0	0.0	0.0	0.0	0.0	0.0
10.786726392633625	11.41122148663403	11.443396250036791	11.631140361415492	10.991562624896813	11.22064107014618	11.598239941884517	11.071245770973952	12.189181288196545	13.26048391626625	0.0	0.0	0.0	0.0	0.0	0.0	0.0	0.0	0.0	0.0	0.0	0.0	0.0	0.0	0.0	0.0	0.0	0.0	0.0	0.0	0.0	0.0	0.0	0.0	0.0	0.0	0.0	0.0	0.0	0.0	0.0	0.0	0.0	0.0	0.0	0.0	0.0	0.0	0.0	0.0	0.0	0.0	0.0	0.0	0.0	0.0	0.0	0.0	0.0	0.0	0.0	0.0	0.0	0.0	0.0	0.0	0.0	0.0	0.0	0.0	0.0	0.0	0.0	0.0	0.0	0.0	0.0	0.0	0.0	0.0	0.0	0.0	0.0	0.0	0.0	0.0	0.0	0.0	0.0	0.0	0.0	0.0
11.447802132294367	11.948021216608364	12.45332361401618	12.472950004184067	12.120673943479941	11.68299803879596	12.035312138369651	11.646191330825753	12.096027474649347	12.759499284861153	11.682614985011577	0.0	0.0	0.0	0.0	0.0	0.0	0.0	0.0	0.0	0.0	0.0	0.0	0.0	0.0	0.0	0.0	0.0	0.0	0.0	0.0	0.0	0.0	0.0	0.0	0.0	0.0	0.0	0.0	0.0	0.0	0.0	0.0	0.0	0.0	0.0	0.0	0.0	0.0	0.0	0.0	0.0	0.0	0.0	0.0	0.0	0.0	0.0	0.0	0.0	0.0	0.0	0.0	0.0	0.0	0.0	0.0	0.0	0.0	0.0	0.0	0.0	0.0	0.0	0.0	0.0	0.0	0.0	0.0	0.0	0.0	0.0	0.0	0.0	0.0	0.0	0.0	0.0	0.0	0.0	0.0	0.0
11.411501736864228	11.956658394605268	12.30026822579233	12.344375778848814	11.706238308446345	12.421126583204542	12.195988864682825	11.74697657972313	12.498568825761007	13.025014460505396	11.090719314378353	11.162823087110473	0.0	0.0	0.0	0.0	0.0	0.0	0.0	0.0	0.0	0.0	0.0	0.0	0.0	0.0	0.0	0.0	0.0	0.0	0.0	0.0	0.0	0.0	0.0	0.0	0.0	0.0	0.0	0.0	0.0	0.0	0.0	0.0	0.0	0.0	0.0	0.0	0.0	0.0	0.0	0.0	0.0	0.0	0.0	0.0	0.0	0.0	0.0	0.0	0.0	0.0	0.0	0.0	0.0	0.0	0.0	0.0	0.0	0.0	0.0	0.0	0.0	0.0	0.0	0.0	0.0	0.0	0.0	0.0	0.0	0.0	0.0	0.0	0.0	0.0	0.0	0.0	0.0	0.0	0.0	0.0
12.99896014725361	13.398121946272338	13.659663240602175	13.859889337169351	13.174336253574518	13.41935900045199	13.646292046816074	13.178510639112028	13.422155079104478	14.345602012082482	12.577932764195715	12.381002391471581	13.210808952904726	0.0	0.0	0.0	0.0	0.0	0.0	0.0	0.0	0.0	0.0	0.0	0.0	0.0	0.0	0.0	0.0	0.0	0.0	0.0	0.0	0.0	0.0	0.0	0.0	0.0	0.0	0.0	0.0	0.0	0.0	0.0	0.0	0.0	0.0	0.0	0.0	0.0	0.0	0.0	0.0	0.0	0.0	0.0	0.0	0.0	0.0	0.0	0.0	0.0	0.0	0.0	0.0	0.0	0.0	0.0	0.0	0.0	0.0	0.0	0.0	0.0	0.0	0.0	0.0	0.0	0.0	0.0	0.0	0.0	0.0	0.0	0.0	0.0	0.0	0.0	0.0	0.0	0.0	0.0
13.016020882584892	13.83110974985993	14.055549440429262	14.179633077448758	13.467737978159679	13.432042650147118	13.688125868719256	13.218227664758263	13.470819171157059	14.150279220440394	12.808153257094295	12.40305902159446	12.43520553832939	11.954081252912879	0.0	0.0	0.0	0.0	0.0	0.0	0.0	0.0	0.0	0.0	0.0	0.0	0.0	0.0	0.0	0.0	0.0	0.0	0.0	0.0	0.0	0.0	0.0	0.0	0.0	0.0	0.0	0.0	0.0	0.0	0.0	0.0	0.0	0.0	0.0	0.0	0.0	0.0	0.0	0.0	0.0	0.0	0.0	0.0	0.0	0.0	0.0	0.0	0.0	0.0	0.0	0.0	0.0	0.0	0.0	0.0	0.0	0.0	0.0	0.0	0.0	0.0	0.0	0.0	0.0	0.0	0.0	0.0	0.0	0.0	0.0	0.0	0.0	0.0	0.0	0.0	0.0	0.0
12.773200050864558	13.226712755620984	13.532746066548413	13.501897117105669	12.905000023160683	13.053860188364563	13.189927099716286	12.656588992796602	13.22200625847256	13.564014636567087	11.912943431765607	12.03777909338383	11.528722294699334	12.19953113831728	12.665579864985636	0.0	0.0	0.0	0.0	0.0	0.0	0.0	0.0	0.0	0.0	0.0	0.0	0.0	0.0	0.0	0.0	0.0	0.0	0.0	0.0	0.0	0.0	0.0	0.0	0.0	0.0	0.0	0.0	0.0	0.0	0.0	0.0	0.0	0.0	0.0	0.0	0.0	0.0	0.0	0.0	0.0	0.0	0.0	0.0	0.0	0.0	0.0	0.0	0.0	0.0	0.0	0.0	0.0	0.0	0.0	0.0	0.0	0.0	0.0	0.0	0.0	0.0	0.0	0.0	0.0	0.0	0.0	0.0	0.0	0.0	0.0	0.0	0.0	0.0	0.0	0.0	0.0
12.570877919881012	13.088714163172607	13.385169155846555	13.437241645942818	12.862787598976478	13.02582180670631	13.204304504596031	12.726105745553957	13.459134047056768	13.655843144226434	11.543452254670104	12.08733381603541	11.521512863006228	11.993466229687886	12.232172128163409	12.28686201686866	0.0	0.0	0.0	0.0	0.0	0.0	0.0	0.0	0.0	0.0	0.0	0.0	0.0	0.0	0.0	0.0	0.0	0.0	0.0	0.0	0.0	0.0	0.0	0.0	0.0	0.0	0.0	0.0	0.0	0.0	0.0	0.0	0.0	0.0	0.0	0.0	0.0	0.0	0.0	0.0	0.0	0.0	0.0	0.0	0.0	0.0	0.0	0.0	0.0	0.0	0.0	0.0	0.0	0.0	0.0	0.0	0.0	0.0	0.0	0.0	0.0	0.0	0.0	0.0	0.0	0.0	0.0	0.0	0.0	0.0	0.0	0.0	0.0	0.0	0.0	0.0
12.878833180528433	13.436671613617628	13.703137145332377	13.754978950416325	13.214084830836613	13.289007123453489	13.479919772611789	12.980364618906377	13.862523703311695	13.772031071894615	11.940111019795056	12.649518565960026	12.065784256383447	12.772601571435398	12.932960974528482	13.198486624075683	11.783203330857896	0.0	0.0	0.0	0.0	0.0	0.0	0.0	0.0	0.0	0.0	0.0	0.0	0.0	0.0	0.0	0.0	0.0	0.0	0.0	0.0	0.0	0.0	0.0	0.0	0.0	0.0	0.0	0.0	0.0	0.0	0.0	0.0	0.0	0.0	0.0	0.0	0.0	0.0	0.0	0.0	0.0	0.0	0.0	0.0	0.0	0.0	0.0	0.0	0.0	0.0	0.0	0.0	0.0	0.0	0.0	0.0	0.0	0.0	0.0	0.0	0.0	0.0	0.0	0.0	0.0	0.0	0.0	0.0	0.0	0.0	0.0	0.0	0.0	0.0	0.0
13.673444046487297	14.302880564630922	14.59183526879406	14.748709033125385	14.193580692478987	14.381494107676096	14.429563499260643	13.943287947452845	14.879093724029874	14.586591059157403	12.878028080488255	13.721003250400425	13.123695199387296	13.382623926470393	13.635282560473154	14.070638325926113	12.720968500283822	12.80092765174896	0.0	0.0	0.0	0.0	0.0	0.0	0.0	0.0	0.0	0.0	0.0	0.0	0.0	0.0	0.0	0.0	0.0	0.0	0.0	0.0	0.0	0.0	0.0	0.0	0.0	0.0	0.0	0.0	0.0	0.0	0.0	0.0	0.0	0.0	0.0	0.0	0.0	0.0	0.0	0.0	0.0	0.0	0.0	0.0	0.0	0.0	0.0	0.0	0.0	0.0	0.0	0.0	0.0	0.0	0.0	0.0	0.0	0.0	0.0	0.0	0.0	0.0	0.0	0.0	0.0	0.0	0.0	0.0	0.0	0.0	0.0	0.0	0.0	0.0
14.159891911990883	14.80673991125813	15.18463589953078	15.32589776317904	14.82372191756087	14.80804657581239	15.080686789516426	14.638730184810939	15.624505558411181	15.416123749486733	13.732230488887945	14.335400221092957	14.086666651821119	14.4003943797751	14.536712267243445	15.267387738548637	14.29286450503278	14.34312535338982	13.630195647253215	0.0	0.0	0.0	0.0	0.0	0.0	0.0	0.0	0.0	0.0	0.0	0.0	0.0	0.0	0.0	0.0	0.0	0.0	0.0	0.0	0.0	0.0	0.0	0.0	0.0	0.0	0.0	0.0	0.0	0.0	0.0	0.0	0.0	0.0	0.0	0.0	0.0	0.0	0.0	0.0	0.0	0.0	0.0	0.0	0.0	0.0	0.0	0.0	0.0	0.0	0.0	0.0	0.0	0.0	0.0	0.0	0.0	0.0	0.0	0.0	0.0	0.0	0.0	0.0	0.0	0.0	0.0	0.0	0.0	0.0	0.0	0.0	0.0
14.777963664603705	15.331193205939005	15.711034064277106	15.758445821641995	15.24053537504356	15.081200042093448	15.375143248946857	15.079196514243664	15.952653325461593	15.66289734024912	14.239400168008988	14.569615594915394	14.304786391979258	14.774850037224276	14.77571313855257	14.903360483891097	14.267961535644844	14.013822478554014	13.45666030095581	12.554682429357541	0.0	0.0	0.0	0.0	0.0	0.0	0.0	0.0	0.0	0.0	0.0	0.0	0.0	0.0	0.0	0.0	0.0	0.0	0.0	0.0	0.0	0.0	0.0	0.0	0.0	0.0	0.0	0.0	0.0	0.0	0.0	0.0	0.0	0.0	0.0	0.0	0.0	0.0	0.0	0.0	0.0	0.0	0.0	0.0	0.0	0.0	0.0	0.0	0.0	0.0	0.0	0.0	0.0	0.0	0.0	0.0	0.0	0.0	0.0	0.0	0.0	0.0	0.0	0.0	0.0	0.0	0.0	0.0	0.0	0.0	0.0	0.0
15.020490343072677	15.573125944025854	15.88514577139961	15.914677875166435	15.425254869693918	15.45311217448193	15.513706501633097	15.216810326788822	16.14600689931482	15.677873922900908	14.492296354201436	15.035650653985233	14.759136230415187	15.087261237310111	15.13037151170473	15.18346293995753	14.57365577750038	14.260864270573157	13.576375799071096	13.248160707105729	14.900886849105808	0.0	0.0	0.0	0.0	0.0	0.0	0.0	0.0	0.0	0.0	0.0	0.0	0.0	0.0	0.0	0.0	0.0	0.0	0.0	0.0	0.0	0.0	0.0	0.0	0.0	0.0	0.0	0.0	0.0	0.0	0.0	0.0	0.0	0.0	0.0	0.0	0.0	0.0	0.0	0.0	0.0	0.0	0.0	0.0	0.0	0.0	0.0	0.0	0.0	0.0	0.0	0.0	0.0	0.0	0.0	0.0	0.0	0.0	0.0	0.0	0.0	0.0	0.0	0.0	0.0	0.0	0.0	0.0	0.0	0.0	0.0
14.103699498154583	14.62016182476229	14.929285248139555	14.841577061491808	14.360052233597054	14.343065281407513	14.379360618527636	14.121383453822656	15.034556213199187	14.652501412331638	13.480276265209175	13.946416945961024	13.668853231280796	14.257632877821607	14.210147558143584	13.970338458741073	13.231737885450732	12.782215444249644	12.6950255077397	12.541211934183059	13.65536203918131	13.49300389384206	0.0	0.0	0.0	0.0	0.0	0.0	0.0	0.0	0.0	0.0	0.0	0.0	0.0	0.0	0.0	0.0	0.0	0.0	0.0	0.0	0.0	0.0	0.0	0.0	0.0	0.0	0.0	0.0	0.0	0.0	0.0	0.0	0.0	0.0	0.0	0.0	0.0	0.0	0.0	0.0	0.0	0.0	0.0	0.0	0.0	0.0	0.0	0.0	0.0	0.0	0.0	0.0	0.0	0.0	0.0	0.0	0.0	0.0	0.0	0.0	0.0	0.0	0.0	0.0	0.0	0.0	0.0	0.0	0.0	0.0
13.314543808160924	13.823423686381025	14.121116111247265	14.020974329803483	13.521888194269815	13.503193228933059	13.61056977423117	13.441378232673733	14.467420803455816	13.869385564847562	12.727412335302128	13.332301135986752	13.04118066892704	13.847036685703547	13.913287782720001	13.76703188306141	12.733053966592113	12.11974815299114	12.304973322429921	11.924602164808363	12.81518225767601	13.015159740848414	12.873530011990308	0.0	0.0	0.0	0.0	0.0	0.0	0.0	0.0	0.0	0.0	0.0	0.0	0.0	0.0	0.0	0.0	0.0	0.0	0.0	0.0	0.0	0.0	0.0	0.0	0.0	0.0	0.0	0.0	0.0	0.0	0.0	0.0	0.0	0.0	0.0	0.0	0.0	0.0	0.0	0.0	0.0	0.0	0.0	0.0	0.0	0.0	0.0	0.0	0.0	0.0	0.0	0.0	0.0	0.0	0.0	0.0	0.0	0.0	0.0	0.0	0.0	0.0	0.0	0.0	0.0	0.0	0.0	0.0	0.0
13.048315563361564	13.52738896243707	13.87611744314551	13.905493382232553	13.582627388692536	13.621886193036307	13.755272896987567	13.634326364604666	14.849338899165897	14.142008201378724	12.962621942428022	13.872506988828173	13.532789634701258	14.558290353463171	14.750652625698391	14.64285848254323	13.408227742335107	12.667883502646532	13.17475839775429	12.837599356519878	13.927855015224422	14.35151498228223	14.415063609918068	12.775637671184978	0.0	0.0	0.0	0.0	0.0	0.0	0.0	0.0	0.0	0.0	0.0	0.0	0.0	0.0	0.0	0.0	0.0	0.0	0.0	0.0	0.0	0.0	0.0	0.0	0.0	0.0	0.0	0.0	0.0	0.0	0.0	0.0	0.0	0.0	0.0	0.0	0.0	0.0	0.0	0.0	0.0	0.0	0.0	0.0	0.0	0.0	0.0	0.0	0.0	0.0	0.0	0.0	0.0	0.0	0.0	0.0	0.0	0.0	0.0	0.0	0.0	0.0	0.0	0.0	0.0	0.0	0.0	0.0
12.927975400524907	13.37859634623146	13.71519860272894	13.654918855746297	13.31558667038091	13.34745036168524	13.454430978367709	13.394346710173842	14.562118890669545	13.832095822926282	12.889474276882902	13.61657602064056	13.400731117431395	14.424877654956502	14.559504767980092	14.479288693384662	13.552238385034261	12.976174849061715	13.460049110418625	13.085827121345934	13.88261681452285	14.544493593059137	13.53822743695534	11.735995344857422	11.509604062115077	0.0	0.0	0.0	0.0	0.0	0.0	0.0	0.0	0.0	0.0	0.0	0.0	0.0	0.0	0.0	0.0	0.0	0.0	0.0	0.0	0.0	0.0	0.0	0.0	0.0	0.0	0.0	0.0	0.0	0.0	0.0	0.0	0.0	0.0	0.0	0.0	0.0	0.0	0.0	0.0	0.0	0.0	0.0	0.0	0.0	0.0	0.0	0.0	0.0	0.0	0.0	0.0	0.0	0.0	0.0	0.0	0.0	0.0	0.0	0.0	0.0	0.0	0.0	0.0	0.0	0.0	0.0
13.73412157529751	14.197964220457068	14.494847616695608	14.436182621628506	14.014120999839754	14.043577185006747	14.163008365015559	14.14294580932397	15.32915560667247	14.558293199845318	13.683441160885591	14.458471174743073	14.264076485396037	15.274565328870194	15.414094163810699	15.449939355742384	14.516445403096258	13.876500696931545	14.286191035188182	13.919975276431712	14.576207532338275	14.636510885712473	14.6100227944025	12.717628324455282	11.952713557636454	11.846144055039549	0.0	0.0	0.0	0.0	0.0	0.0	0.0	0.0	0.0	0.0	0.0	0.0	0.0	0.0	0.0	0.0	0.0	0.0	0.0	0.0	0.0	0.0	0.0	0.0	0.0	0.0	0.0	0.0	0.0	0.0	0.0	0.0	0.0	0.0	0.0	0.0	0.0	0.0	0.0	0.0	0.0	0.0	0.0	0.0	0.0	0.0	0.0	0.0	0.0	0.0	0.0	0.0	0.0	0.0	0.0	0.0	0.0	0.0	0.0	0.0	0.0	0.0	0.0	0.0	0.0	0.0
14.023337767010457	14.463834236825065	14.76864404527311	14.763454933986383	14.498289501585656	14.496502635054869	14.596343276946119	14.54283585950606	15.67179286187041	14.9532028702731	14.034051650868559	14.837547476755603	14.606495235410062	15.53700583829015	15.623278623108598	15.518792393144105	14.533280400916738	13.835091693387923	14.144342359318312	13.727552313014368	14.844602738222433	14.207613770175826	13.849493438922364	12.873206110925105	11.28104345318035	11.80584562949888	12.038553770479972	0.0	0.0	0.0	0.0	0.0	0.0	0.0	0.0	0.0	0.0	0.0	0.0	0.0	0.0	0.0	0.0	0.0	0.0	0.0	0.0	0.0	0.0	0.0	0.0	0.0	0.0	0.0	0.0	0.0	0.0	0.0	0.0	0.0	0.0	0.0	0.0	0.0	0.0	0.0	0.0	0.0	0.0	0.0	0.0	0.0	0.0	0.0	0.0	0.0	0.0	0.0	0.0	0.0	0.0	0.0	0.0	0.0	0.0	0.0	0.0	0.0	0.0	0.0	0.0	0.0
14.789120769992673	15.259863536075022	15.605384532408	15.631635434100899	15.367463106515077	15.384160990276483	15.546940975978229	15.441819309133567	16.544549395241788	15.890742124155835	14.766468291715187	15.556744303563775	15.23767175134585	16.092142512224445	16.198084097516368	16.02020128578218	14.872825906705975	14.109124089792918	14.335863081060143	13.820733564984906	14.10658399870089	14.365766985260144	14.132480139459297	12.853458119431863	12.169940702236673	13.40308832041116	13.716426943677204	13.206294433627438	0.0	0.0	0.0	0.0	0.0	0.0	0.0	0.0	0.0	0.0	0.0	0.0	0.0	0.0	0.0	0.0	0.0	0.0	0.0	0.0	0.0	0.0	0.0	0.0	0.0	0.0	0.0	0.0	0.0	0.0	0.0	0.0	0.0	0.0	0.0	0.0	0.0	0.0	0.0	0.0	0.0	0.0	0.0	0.0	0.0	0.0	0.0	0.0	0.0	0.0	0.0	0.0	0.0	0.0	0.0	0.0	0.0	0.0	0.0	0.0	0.0	0.0	0.0	0.0
14.613235053386678	15.658869693399323	15.469375486498356	15.464304880465207	15.154295089543275	15.191532487543439	15.331297925144904	15.18360153287736	16.285392768494894	15.666123766686644	14.506708033969165	15.182506116709797	14.814862057744472	15.664848898909728	15.720806309164534	15.427489186654451	14.305824624105773	13.650147589426185	13.812227011927446	13.269555637643219	13.568100023884595	13.929831211184009	13.438957006353842	12.261608064003243	11.210032721442323	12.962920094410547	12.929681990583747	12.724913558940742	12.048253374410832	0.0	0.0	0.0	0.0	0.0	0.0	0.0	0.0	0.0	0.0	0.0	0.0	0.0	0.0	0.0	0.0	0.0	0.0	0.0	0.0	0.0	0.0	0.0	0.0	0.0	0.0	0.0	0.0	0.0	0.0	0.0	0.0	0.0	0.0	0.0	0.0	0.0	0.0	0.0	0.0	0.0	0.0	0.0	0.0	0.0	0.0	0.0	0.0	0.0	0.0	0.0	0.0	0.0	0.0	0.0	0.0	0.0	0.0	0.0	0.0	0.0	0.0	0.0
15.400534894494786	15.851957036457694	16.233970346236966	16.237925259427968	15.958669380572179	15.911249079060294	16.137659027086755	16.049122948795937	17.21701401812332	16.57581093533202	15.484001193250158	16.26525654978864	15.987801829463184	16.882668421287967	16.963560033808207	16.69320431459697	15.67687625176738	14.97472142515344	15.139039770432714	14.419868752554299	14.517085617032489	14.94265318778895	14.825865357813369	13.484149879615757	12.380116114105954	13.346603820761404	13.310159957862721	13.054378846887326	12.26677425605522	13.380380598348964	0.0	0.0	0.0	0.0	0.0	0.0	0.0	0.0	0.0	0.0	0.0	0.0	0.0	0.0	0.0	0.0	0.0	0.0	0.0	0.0	0.0	0.0	0.0	0.0	0.0	0.0	0.0	0.0	0.0	0.0	0.0	0.0	0.0	0.0	0.0	0.0	0.0	0.0	0.0	0.0	0.0	0.0	0.0	0.0	0.0	0.0	0.0	0.0	0.0	0.0	0.0	0.0	0.0	0.0	0.0	0.0	0.0	0.0	0.0	0.0	0.0	0.0
14.977424425826811	15.397952960860003	15.846863280464355	15.839985411740225	15.55958831800376	15.585879065174245	15.835040457642968	15.701335341650974	16.836099591161627	16.233466993323834	15.006842638346436	15.643513255528134	15.300913488945978	16.199211266676006	16.30769556743169	15.905128520925775	14.866992101660562	14.317774478757062	14.503068763031346	13.8198596506402	13.818324975924895	14.40313113345549	14.305564569455855	13.037613376132915	11.914679363822332	12.717262567054325	13.013940949845939	13.006907049311428	12.362269952182595	12.460319135784015	12.33369276943508	0.0	0.0	0.0	0.0	0.0	0.0	0.0	0.0	0.0	0.0	0.0	0.0	0.0	0.0	0.0	0.0	0.0	0.0	0.0	0.0	0.0	0.0	0.0	0.0	0.0	0.0	0.0	0.0	0.0	0.0	0.0	0.0	0.0	0.0	0.0	0.0	0.0	0.0	0.0	0.0	0.0	0.0	0.0	0.0	0.0	0.0	0.0	0.0	0.0	0.0	0.0	0.0	0.0	0.0	0.0	0.0	0.0	0.0	0.0	0.0	0.0
14.569877098051451	14.977160005553522	15.386237519795838	15.348218618393995	15.07177345217131	15.130765264355418	15.30279189310015	15.160260428001752	16.272466956441413	15.669891688098403	14.468108284468702	15.134234553467541	14.746478799907026	15.639335447092696	15.7333141282413	15.249374583077406	14.147090401796175	13.593539498506761	13.843975912519856	13.384343266333982	13.54132598237396	14.0333601328043	13.639219902228097	12.39345645000245	11.262191450217042	12.01526589135317	12.32367317504508	12.127280101493183	11.551834877649373	11.428776254657981	11.719868756480768	12.136627145202906	0.0	0.0	0.0	0.0	0.0	0.0	0.0	0.0	0.0	0.0	0.0	0.0	0.0	0.0	0.0	0.0	0.0	0.0	0.0	0.0	0.0	0.0	0.0	0.0	0.0	0.0	0.0	0.0	0.0	0.0	0.0	0.0	0.0	0.0	0.0	0.0	0.0	0.0	0.0	0.0	0.0	0.0	0.0	0.0	0.0	0.0	0.0	0.0	0.0	0.0	0.0	0.0	0.0	0.0	0.0	0.0	0.0	0.0	0.0	0.0
15.212032978648613	15.60113760716528	15.969161381223877	15.921006572093047	15.576213265466194	15.516344207460342	15.688991393391737	15.57397625338042	16.6050972031544	16.022743540294325	14.923057191334369	15.398788772531857	15.039286264381067	15.85918303363797	15.932959950756167	15.491933672083759	14.47066410113007	13.938222639261816	14.121220442340594	13.636521632422411	13.685542402118188	14.139057224807853	13.81969511456877	12.607825416956256	11.685312430337163	12.243587650703086	12.441559992919409	12.256734418174412	11.799638956394732	11.795708325043051	11.568172736405687	11.561528246089061	11.188501193634531	0.0	0.0	0.0	0.0	0.0	0.0	0.0	0.0	0.0	0.0	0.0	0.0	0.0	0.0	0.0	0.0	0.0	0.0	0.0	0.0	0.0	0.0	0.0	0.0	0.0	0.0	0.0	0.0	0.0	0.0	0.0	0.0	0.0	0.0	0.0	0.0	0.0	0.0	0.0	0.0	0.0	0.0	0.0	0.0	0.0	0.0	0.0	0.0	0.0	0.0	0.0	0.0	0.0	0.0	0.0	0.0	0.0	0.0	0.0
14.958151343812961	15.330289246121843	15.743717344271733	15.721434622459736	15.446025376546258	15.480087905799024	15.674870421150265	15.55001702881765	16.642984783406856	16.019564774798642	14.843305809397608	15.510651766057645	15.169092350544835	16.02582993828308	16.13839484098807	15.64506678102681	14.641410840058876	14.141303862666152	14.332384928358003	13.816985036426136	13.91925242961202	14.456619341653768	14.20919847383345	12.91675987146131	11.904580445456267	12.570499953672137	12.853889929333302	12.66800131500333	12.319795605850599	12.394104463582853	11.916678319054213	11.398139414248764	12.177946757117947	14.366358019051232	0.0	0.0	0.0	0.0	0.0	0.0	0.0	0.0	0.0	0.0	0.0	0.0	0.0	0.0	0.0	0.0	0.0	0.0	0.0	0.0	0.0	0.0	0.0	0.0	0.0	0.0	0.0	0.0	0.0	0.0	0.0	0.0	0.0	0.0	0.0	0.0	0.0	0.0	0.0	0.0	0.0	0.0	0.0	0.0	0.0	0.0	0.0	0.0	0.0	0.0	0.0	0.0	0.0	0.0	0.0	0.0	0.0	0.0
15.579290302617032	15.966281875667766	16.36323043754968	16.3547592022937	16.066125311365028	16.09338081187791	16.293961245910793	16.19792061414309	17.21673804929072	16.58156692535393	15.41737059915988	16.04207016254211	15.713396422504971	16.513350540804566	16.632985185854707	16.19398350713615	15.18799700212499	14.69454901572878	14.835459115293204	14.302778845490888	14.351857840046188	14.873776210129249	14.724986633248204	13.416540737137565	12.48471761381656	13.065839829315797	13.22796273633345	13.088709600429421	12.757179371914319	12.922427611812298	12.244295728945868	11.966144506665138	12.302879841674438	12.535432762770933	12.010852966006132	0.0	0.0	0.0	0.0	0.0	0.0	0.0	0.0	0.0	0.0	0.0	0.0	0.0	0.0	0.0	0.0	0.0	0.0	0.0	0.0	0.0	0.0	0.0	0.0	0.0	0.0	0.0	0.0	0.0	0.0	0.0	0.0	0.0	0.0	0.0	0.0	0.0	0.0	0.0	0.0	0.0	0.0	0.0	0.0	0.0	0.0	0.0	0.0	0.0	0.0	0.0	0.0	0.0	0.0	0.0	0.0	0.0
15.757388928336084	16.158635631558443	16.557612810005715	16.545365282507206	16.230458768027017	16.266710376562592	16.466742668507777	16.361188137366653	17.35388230744192	16.733956128278287	15.551442675920146	16.09213851045977	15.750867416140533	16.523922099409315	16.642987377618844	16.220140879543937	15.208134126468849	14.741416800195225	14.854468245777714	14.295673774388854	14.308626497655526	14.823242289908725	14.692742504304404	13.432778699136124	12.543566836288276	13.072402048605854	13.218694764214762	13.159804549523699	12.76515362660397	12.803859356758341	12.250457265004309	11.746327500353074	12.18750174181583	12.792285985141895	12.317624604003116	12.969275690569559	0.0	0.0	0.0	0.0	0.0	0.0	0.0	0.0	0.0	0.0	0.0	0.0	0.0	0.0	0.0	0.0	0.0	0.0	0.0	0.0	0.0	0.0	0.0	0.0	0.0	0.0	0.0	0.0	0.0	0.0	0.0	0.0	0.0	0.0	0.0	0.0	0.0	0.0	0.0	0.0	0.0	0.0	0.0	0.0	0.0	0.0	0.0	0.0	0.0	0.0	0.0	0.0	0.0	0.0	0.0	0.0
16.002286872078	16.405442555300205	16.82139209507335	16.841948775167623	16.565851450590433	16.61227072185519	16.834723169985025	16.72725577157075	17.75219651292398	17.13139332107189	15.911015531739896	16.53070759408077	16.170079895451167	16.960685270896757	17.1001984698608	16.685632634754803	15.617176112208583	15.122067681734245	15.245984652403308	14.71936800828162	14.79203419531996	15.384089518615522	15.320238493020552	13.997584081052159	12.983545734974065	13.720734252176891	13.865930056447615	13.76814230301049	13.260963046338702	13.375720871368985	12.79394142934777	12.30332706123655	12.641206466274257	13.012945640070761	12.332931160498124	12.405488812430114	13.17552772197219	0.0	0.0	0.0	0.0	0.0	0.0	0.0	0.0	0.0	0.0	0.0	0.0	0.0	0.0	0.0	0.0	0.0	0.0	0.0	0.0	0.0	0.0	0.0	0.0	0.0	0.0	0.0	0.0	0.0	0.0	0.0	0.0	0.0	0.0	0.0	0.0	0.0	0.0	0.0	0.0	0.0	0.0	0.0	0.0	0.0	0.0	0.0	0.0	0.0	0.0	0.0	0.0	0.0	0.0	0.0
16.8531483920298	17.289736499064453	17.686674715669056	17.749808201080477	17.423985008257084	17.512304509274568	17.699456475884265	17.585210278672545	18.605695247515833	17.95686122891161	16.74345762305587	17.362474963229108	16.975725123824077	17.71856195220492	17.87307130204075	17.53543304026729	16.339353358408705	15.831380739803146	15.891229291854632	15.433427954722701	15.685349614815514	16.173247160146392	16.126814599440394	14.758958363844247	13.667287391302127	14.4296843098395	14.494733337760847	14.418781824424821	13.961597332104015	14.040552450012516	13.760095832615244	13.471918198227607	13.464658085657296	13.97214999359008	13.65815975213518	13.913418503079196	14.247018361326031	13.581685407366344	0.0	0.0	0.0	0.0	0.0	0.0	0.0	0.0	0.0	0.0	0.0	0.0	0.0	0.0	0.0	0.0	0.0	0.0	0.0	0.0	0.0	0.0	0.0	0.0	0.0	0.0	0.0	0.0	0.0	0.0	0.0	0.0	0.0	0.0	0.0	0.0	0.0	0.0	0.0	0.0	0.0	0.0	0.0	0.0	0.0	0.0	0.0	0.0	0.0	0.0	0.0	0.0	0.0	0.0
16.615305356834046	17.043647929149433	17.436925416177953	17.472853876744516	17.14675503021037	17.213282486025285	17.38707905326788	17.278052262356454	18.277133382706015	17.653002895274305	16.42936181785272	17.020961822616524	16.613227575733493	17.366497846313415	17.511404206801565	17.153671120874932	15.960568767343394	15.46549822155248	15.569403913637608	15.165909953900632	15.403313316526406	15.900316046878995	15.765596758235485	14.43371008211481	13.372539672145152	14.099162238566029	14.178936112527426	14.10407188919989	13.636109947461502	13.673058781775156	13.447423845976804	13.138719944069692	13.005680401652134	13.987860083400685	13.203521103024832	13.443576617107398	13.637135679877366	13.598583630910813	12.329616972497547	0.0	0.0	0.0	0.0	0.0	0.0	0.0	0.0	0.0	0.0	0.0	0.0	0.0	0.0	0.0	0.0	0.0	0.0	0.0	0.0	0.0	0.0	0.0	0.0	0.0	0.0	0.0	0.0	0.0	0.0	0.0	0.0	0.0	0.0	0.0	0.0	0.0	0.0	0.0	0.0	0.0	0.0	0.0	0.0	0.0	0.0	0.0	0.0	0.0	0.0	0.0	0.0	0.0
15.30815860700752	15.711385399107945	16.083987400391933	16.041002681837238	15.723361901513496	15.830375908541894	15.934163567275721	15.842179406802229	16.850057065663297	16.186498749696007	15.088285788724487	15.6443722087485	15.242410241152749	16.081305031998163	16.21507549794034	15.787671414985526	14.66143474488725	14.22389624638638	14.434142879527075	14.156255021659994	14.50110709894626	14.83728176937427	14.433927419508816	13.111544419589421	12.053461969677562	12.415032700792631	12.515132492873263	12.561250822746494	12.491745436191726	12.416632442538898	12.470087148233464	12.183160094804986	11.810259085958556	12.277781286879263	12.190509101605883	12.74665972236885	12.988370716884061	13.395850977822072	14.502107517035423	14.980041961861788	0.0	0.0	0.0	0.0	0.0	0.0	0.0	0.0	0.0	0.0	0.0	0.0	0.0	0.0	0.0	0.0	0.0	0.0	0.0	0.0	0.0	0.0	0.0	0.0	0.0	0.0	0.0	0.0	0.0	0.0	0.0	0.0	0.0	0.0	0.0	0.0	0.0	0.0	0.0	0.0	0.0	0.0	0.0	0.0	0.0	0.0	0.0	0.0	0.0	0.0	0.0	0.0
15.234608152298875	15.627595897984161	15.997517584563525	15.953229498505987	15.615431927253606	15.734512610398166	15.778882796028812	15.658104472061584	16.651296556740462	15.991493385622082	14.89769935002031	15.458903226011481	15.054897137078044	15.868264935929627	16.007245142932323	15.556928097490598	14.451320439568454	14.067850877319566	14.254181748684774	14.039810478570226	14.483045558128968	14.8206636190056	14.413039143535121	13.109177198597722	12.137488276318932	12.535131487269668	12.72592268601193	12.759044273883267	12.778436583361945	12.644633186181645	12.857062832984322	12.46703968838466	12.074693345048656	12.586101292222866	12.321695940648008	12.913270351012965	13.157515377541968	13.386888775200868	13.62787223478068	13.772667649289945	12.522594352613428	0.0	0.0	0.0	0.0	0.0	0.0	0.0	0.0	0.0	0.0	0.0	0.0	0.0	0.0	0.0	0.0	0.0	0.0	0.0	0.0	0.0	0.0	0.0	0.0	0.0	0.0	0.0	0.0	0.0	0.0	0.0	0.0	0.0	0.0	0.0	0.0	0.0	0.0	0.0	0.0	0.0	0.0	0.0	0.0	0.0	0.0	0.0	0.0	0.0	0.0	0.0
15.594501844730093	15.97700790075915	16.38785227712642	16.362232571023227	16.061739741920327	16.183053895448086	16.281402488544373	16.138883482572346	17.158037539014767	16.561317476548073	15.333871304557324	15.956509559935194	15.515053451582625	16.329681038122562	16.480243915648582	15.963858849344064	14.819130713676174	14.427922768930506	14.665983442093898	14.48577812509209	14.858526282213978	15.397475876491606	15.005769632238648	13.722411941961418	12.720013587050529	13.358041004296707	13.621926310678369	13.54093380256444	13.297890698660899	13.190848038331877	13.195477427107079	12.696903814371202	12.290167921718023	12.78344555457589	12.263893693658316	12.734026828066305	13.018573699050838	12.55180732046142	12.812986815584583	12.521562792573128	12.86242028987414	13.392992997680983	0.0	0.0	0.0	0.0	0.0	0.0	0.0	0.0	0.0	0.0	0.0	0.0	0.0	0.0	0.0	0.0	0.0	0.0	0.0	0.0	0.0	0.0	0.0	0.0	0.0	0.0	0.0	0.0	0.0	0.0	0.0	0.0	0.0	0.0	0.0	0.0	0.0	0.0	0.0	0.0	0.0	0.0	0.0	0.0	0.0	0.0	0.0	0.0	0.0	0.0
15.695764595305988	16.090929614356046	16.517710123095945	16.500017903315104	16.195490765173023	16.328074785604976	16.439751401963154	16.282821892982707	17.314544292044566	16.71099810440651	15.489393285383894	16.130539652233477	15.703386104861414	16.526303795811117	16.697863167990292	16.21252624173195	15.091859857380955	14.741660015886874	14.970054989947377	14.784524016778239	15.187636769724058	15.766497138725045	15.445625362673264	14.125676424248173	13.11818792012167	13.789115778921806	14.095840481700437	14.053737638310476	13.853545131297746	13.730403101335432	13.7308816646973	13.07625466071548	12.799613276783177	13.331136578481539	12.645242374931668	13.133826100815195	13.389268937870108	12.88341744655651	13.06539042032594	13.073982131768227	13.901655288977027	13.173200878950011	11.922270531766598	0.0	0.0	0.0	0.0	0.0	0.0	0.0	0.0	0.0	0.0	0.0	0.0	0.0	0.0	0.0	0.0	0.0	0.0	0.0	0.0	0.0	0.0	0.0	0.0	0.0	0.0	0.0	0.0	0.0	0.0	0.0	0.0	0.0	0.0	0.0	0.0	0.0	0.0	0.0	0.0	0.0	0.0	0.0	0.0	0.0	0.0	0.0	0.0	0.0
15.745363403984616	16.140638136306492	16.561733860104525	16.5223433209225	16.210231996386398	16.40837422511137	16.467253013891796	16.287771852622672	17.370766877253548	16.808105844224787	15.50030657495618	16.19097055693281	15.78235422730277	16.514596194006895	16.721132163571795	16.258884400646213	15.090667539688425	14.750909360319616	14.982595850881172	14.81897685297713	15.216209454890436	15.829004621282433	15.41476776946584	14.118186760364786	13.149727017893765	13.748288078558888	14.07306844520263	14.066219460166453	13.825974773584027	13.691295390532197	13.70971341839966	13.113351905008116	12.80494852846691	13.274127925539839	12.738018250437412	13.082874928036595	13.333461088823114	12.837560898714418	12.946407816247735	12.791671320103413	12.993378959431064	12.51206806557484	11.12787950775449	10.561627255627776	0.0	0.0	0.0	0.0	0.0	0.0	0.0	0.0	0.0	0.0	0.0	0.0	0.0	0.0	0.0	0.0	0.0	0.0	0.0	0.0	0.0	0.0	0.0	0.0	0.0	0.0	0.0	0.0	0.0	0.0	0.0	0.0	0.0	0.0	0.0	0.0	0.0	0.0	0.0	0.0	0.0	0.0	0.0	0.0	0.0	0.0	0.0	0.0
16.0910641896611	16.475955100717275	16.881804507060636	16.82681060922382	16.509609043032153	16.640946723683232	16.717486944598072	16.57374105402103	17.576113599202706	16.975381353281126	15.795213370929615	16.416629565623133	16.003952683434072	16.81244892427614	16.96094316476824	16.475376692905197	15.387353136564775	15.04311177358483	15.281046661559	15.134879792648508	15.521895466426843	16.03493553693836	15.655357115879452	14.363815523474425	13.386925566420164	13.925345358308325	14.184572619321536	14.148888771960278	14.008184811904524	13.896666711889877	13.885108132339518	13.324894636456532	12.983390994791979	13.393413348631789	12.828334886919322	13.192589464532123	13.440063834883931	13.01973534002394	13.030279454659711	12.951904463428557	12.705239623559494	12.346730155001524	11.484580334443187	11.684930989224593	12.95233621291571	0.0	0.0	0.0	0.0	0.0	0.0	0.0	0.0	0.0	0.0	0.0	0.0	0.0	0.0	0.0	0.0	0.0	0.0	0.0	0.0	0.0	0.0	0.0	0.0	0.0	0.0	0.0	0.0	0.0	0.0	0.0	0.0	0.0	0.0	0.0	0.0	0.0	0.0	0.0	0.0	0.0	0.0	0.0	0.0	0.0	0.0	0.0
16.589180552470843	16.972675708631954	17.372653875184234	17.310630578719962	16.973278753961047	17.097836012798908	17.173441206732576	17.027539034460947	18.009290909515233	17.40938793744695	16.221034927844393	16.82130528103406	16.415943204805618	17.20306221309742	17.350959149442414	16.85738850177545	15.787746795125933	15.455710197298274	15.675664079349133	15.517049614669027	15.86002814698004	16.381060956448405	16.047560496038248	14.76689220219045	13.844948886064932	14.368782009052149	14.62584207485664	14.578863894462858	14.43365833179826	14.348462475933566	14.309062875131652	13.715314716823073	13.428785127245336	13.764703805350905	13.19991993253529	13.489476548854407	13.712612206774436	13.297378324998135	13.370864422986854	13.307076666043228	13.291187711915915	13.00015129954828	11.942123857325424	12.147293493140939	12.3832006789798	12.55382057045461	0.0	0.0	0.0	0.0	0.0	0.0	0.0	0.0	0.0	0.0	0.0	0.0	0.0	0.0	0.0	0.0	0.0	0.0	0.0	0.0	0.0	0.0	0.0	0.0	0.0	0.0	0.0	0.0	0.0	0.0	0.0	0.0	0.0	0.0	0.0	0.0	0.0	0.0	0.0	0.0	0.0	0.0	0.0	0.0	0.0	0.0
16.543893613545194	16.926002867060703	17.334599916791838	17.26418619463901	16.91342516103908	17.028663603764997	17.105344731325562	16.956445312095187	17.94800725928741	17.352956276422486	16.165091534692916	16.767627023744197	16.3548542368722	17.157211303795595	17.306467403176555	16.79635345132161	15.754027479904138	15.447165787285586	15.698986639216212	15.541765668557906	15.87981238957262	16.42189203312588	16.066025388884043	14.791272711485352	13.891134188919919	14.38885515316651	14.672265427779616	14.641893801174064	14.517207365110302	14.410669716192789	14.358365475479413	13.731304692027187	13.475849964999098	13.807895807013503	13.201720505458788	13.501131615610465	13.719204896102221	13.321343581681967	13.506787487684205	13.45635183546411	13.424256438083153	13.039717047794715	12.012961997652809	11.479617792829098	12.469679699489784	12.013390829312291	12.129902354697643	0.0	0.0	0.0	0.0	0.0	0.0	0.0	0.0	0.0	0.0	0.0	0.0	0.0	0.0	0.0	0.0	0.0	0.0	0.0	0.0	0.0	0.0	0.0	0.0	0.0	0.0	0.0	0.0	0.0	0.0	0.0	0.0	0.0	0.0	0.0	0.0	0.0	0.0	0.0	0.0	0.0	0.0	0.0	0.0	0.0
16.133729866321612	16.51184929983969	16.942869894886616	16.863362721519433	16.561718376231823	16.6767537091928	16.744927517421313	16.62227284913824	17.649308294894563	17.052725643869067	15.886459230928917	16.563415193958434	16.15380059995843	17.014416856957915	17.172551612357548	16.666691728431935	15.63860341520814	15.339473518955979	15.610796311436827	15.46811901145241	15.861314602333236	16.433729512565467	16.030139116127607	14.710585385143357	13.81726547929382	14.318332036022042	14.625596316137196	14.601895779998515	14.531064902015563	14.445191407658097	14.335235132321975	13.809994347014339	13.535792248166933	13.921579304351777	13.234598195259451	13.541231743656269	13.87462578964401	13.408200094341911	13.57857249204854	13.569544406214197	13.54058320716161	13.207855658473221	12.056702697667035	11.646569848163704	11.856268696126756	12.472278913522018	13.158911835279627	14.228370309184646	0.0	0.0	0.0	0.0	0.0	0.0	0.0	0.0	0.0	0.0	0.0	0.0	0.0	0.0	0.0	0.0	0.0	0.0	0.0	0.0	0.0	0.0	0.0	0.0	0.0	0.0	0.0	0.0	0.0	0.0	0.0	0.0	0.0	0.0	0.0	0.0	0.0	0.0	0.0	0.0	0.0	0.0	0.0	0.0
16.284898459299193	16.666125584637694	17.10242151149139	17.02325191294185	16.740333134757403	16.855441116290322	16.92418866708031	16.797401600651092	17.82491850324354	17.234324444251683	16.054894377920963	16.71374186985693	16.29461161255479	17.149748294439732	17.307245152545622	16.797876081967654	15.767723897360316	15.470207686156513	15.72706553408964	15.568719875559625	15.955490559939255	16.532633090720346	16.146788654061922	14.834556682462201	13.937249792901465	14.456162802389422	14.763286922527788	14.744861909049595	14.637716127533992	14.530299034053161	14.420444935222193	13.866261883535941	13.610989365061307	14.004307126812508	13.316416457886772	13.634680077288577	13.933722402687627	13.461505482917357	13.588314225986906	13.584665616036652	13.59333929683065	13.22443396835222	12.042896422921478	11.544718386476216	11.681929236268289	12.33072473040247	12.861446838713672	13.364550949259469	11.914649627768089	0.0	0.0	0.0	0.0	0.0	0.0	0.0	0.0	0.0	0.0	0.0	0.0	0.0	0.0	0.0	0.0	0.0	0.0	0.0	0.0	0.0	0.0	0.0	0.0	0.0	0.0	0.0	0.0	0.0	0.0	0.0	0.0	0.0	0.0	0.0	0.0	0.0	0.0	0.0	0.0	0.0	0.0	0.0
15.676694910706692	16.05699964825144	16.521973548174	16.448074380405643	16.21946710815319	16.360400604929566	16.441256762641025	16.31505605379846	17.4093834754685	16.827134490645452	15.66989000527821	16.370465056492197	15.936121342848821	16.85614887678695	17.019896304780293	16.511360196684453	15.456744744219721	15.157383858771416	15.458472554915692	15.319658965185315	15.792088959671288	16.38395823193495	15.934475217466725	14.625232236849751	13.654672497102474	14.209413092050573	14.550002879165108	14.581164278658528	14.47949973720838	14.325112580790451	14.24387131681413	13.696165413886458	13.419283121973514	13.997034889721668	13.270981072068091	13.799177422676873	14.126845567306368	13.632575972453914	13.743300331875085	13.769594366321813	13.59326918711226	13.220100534690218	12.06853552779301	11.560273153397114	11.828092576175877	12.651790926247177	14.587995561733896	14.66722642768905	13.210548900430405	14.324509842989947	0.0	0.0	0.0	0.0	0.0	0.0	0.0	0.0	0.0	0.0	0.0	0.0	0.0	0.0	0.0	0.0	0.0	0.0	0.0	0.0	0.0	0.0	0.0	0.0	0.0	0.0	0.0	0.0	0.0	0.0	0.0	0.0	0.0	0.0	0.0	0.0	0.0	0.0	0.0	0.0	0.0	0.0
15.94377796580548	16.326991017048787	16.795614927748424	16.707330785183057	16.487421164346138	16.639803323002386	16.727656520343604	16.583533376897496	17.673589679040226	17.116191681886907	15.94583319659057	16.653049597698516	16.20579974987205	17.12516622068561	17.28740515861597	16.75433117060755	15.703264177482508	15.425019501672306	15.744758376042192	15.66520457828261	16.16459051176183	16.774250823174405	16.30008662050069	15.020946154411082	14.086177122525399	14.69362758977792	15.07509726266127	15.066318953358643	14.954063017445838	14.79068433746171	14.806691627640573	14.248127675082873	13.91428404950341	14.500644338920653	13.796353803888339	14.356019041596497	14.692768055423569	14.204589594452175	14.3357853872918	14.33530757986846	14.197168398427294	13.766509867929276	12.498243092854338	12.123965884911236	12.403377058505106	13.230649194793955	14.660731841092172	14.51388192958223	13.322036523852091	13.6901268171154	11.132111354311645	0.0	0.0	0.0	0.0	0.0	0.0	0.0	0.0	0.0	0.0	0.0	0.0	0.0	0.0	0.0	0.0	0.0	0.0	0.0	0.0	0.0	0.0	0.0	0.0	0.0	0.0	0.0	0.0	0.0	0.0	0.0	0.0	0.0	0.0	0.0	0.0	0.0	0.0	0.0	0.0	0.0
16.021041954068682	16.422460906398303	16.89303404515874	16.788260068045403	16.530186979467366	16.68241742635809	16.761935056977098	16.60333710059298	17.690226771431455	17.13319275571586	15.977969440452744	16.652996739202145	16.197374522927475	17.11840734025917	17.27642390953226	16.72166397717492	15.708427502636633	15.459863845836827	15.76402978277697	15.663461313219582	16.15025882659591	16.746762282907707	16.257246479068453	15.018651213899936	14.14374819258406	14.697498754391377	15.105736267996301	15.118408621781	15.027893342333035	14.806940828593422	14.862821724972243	14.251844941307482	13.948912642713758	14.532718058327795	13.83293914563367	14.444773617621747	14.725585569728072	14.351267233234543	14.602078507304629	14.618211133322701	14.407586799056254	13.836829857066647	12.844257540485307	12.397610408460064	12.716372962134685	13.521233137113322	14.565696100617657	14.950968262891719	13.733442982841076	13.640080097598913	12.034762077008985	12.034988318728965	0.0	0.0	0.0	0.0	0.0	0.0	0.0	0.0	0.0	0.0	0.0	0.0	0.0	0.0	0.0	0.0	0.0	0.0	0.0	0.0	0.0	0.0	0.0	0.0	0.0	0.0	0.0	0.0	0.0	0.0	0.0	0.0	0.0	0.0	0.0	0.0	0.0	0.0	0.0	0.0
16.25058597009468	16.651703756496012	17.134913197491596	17.049812841279117	16.801360608752965	16.959862315899333	17.058604645516557	16.88997929505403	18.009732385223653	17.458785148618457	16.27824550715276	16.969295641827888	16.49483255117688	17.419362651677563	17.584645265995896	17.03689437565523	16.02239737161801	15.77708873188905	16.076262720510197	15.972588808143355	16.470464580045554	17.095214853518343	16.636536382434898	15.389570454370752	14.490990549336553	15.0918125344861	15.511023130432964	15.532081495335866	15.415622116137211	15.19186036582557	15.239201701702884	14.586166754496226	14.319534941446905	14.93671881056172	14.205029823973366	14.84142683793089	15.112797728716476	14.691904263522607	14.945127534541067	14.983331121199269	15.471240148393276	14.921015283624582	13.247841339344427	12.646587391195888	13.032129996281876	14.048627661054573	15.092633500954848	14.712452253862896	14.026232831338572	14.036572917703067	12.609649052665977	11.909336908369381	11.310854075997941	0.0	0.0	0.0	0.0	0.0	0.0	0.0	0.0	0.0	0.0	0.0	0.0	0.0	0.0	0.0	0.0	0.0	0.0	0.0	0.0	0.0	0.0	0.0	0.0	0.0	0.0	0.0	0.0	0.0	0.0	0.0	0.0	0.0	0.0	0.0	0.0	0.0	0.0	0.0
16.11484654191332	16.516606863996625	16.996171917382444	16.90108396879967	16.64276584507062	16.80264680790712	16.89374233560516	16.730239374154728	17.835109020179722	17.291500454836946	16.109925390605397	16.764639223487553	16.284352114131234	17.212288205966246	17.37215559890543	16.81478024302711	15.800609367757227	15.552930812326855	15.862246191831925	15.761029161132594	16.229569916606454	16.844336664397098	16.346827981236295	15.125980261299574	14.23248802661829	14.79451283319903	15.202530449800536	15.234922402648817	15.097030389045518	14.849888579416351	14.894234143504898	14.250636615955862	13.959872462224046	14.563597628962478	13.894513302580322	14.528885721902121	14.765636238307062	14.382392924451882	14.634403063449579	14.617392689087973	14.411407231834247	13.876858794528486	12.839158021830505	12.393431363419815	12.658467485764735	13.419682546291368	14.364346087041548	14.107434463793115	13.750103171194404	13.560192560772686	11.711813774645156	11.448649855668506	10.516608943761259	11.62742188793372	0.0	0.0	0.0	0.0	0.0	0.0	0.0	0.0	0.0	0.0	0.0	0.0	0.0	0.0	0.0	0.0	0.0	0.0	0.0	0.0	0.0	0.0	0.0	0.0	0.0	0.0	0.0	0.0	0.0	0.0	0.0	0.0	0.0	0.0	0.0	0.0	0.0	0.0
16.509265403254105	16.914672655786955	17.396122561453087	17.303959956590994	17.043330597277514	17.203302458914546	17.295709248371995	17.148606130886662	18.255683468769735	17.696194347239263	16.540032004363123	17.187131517421182	16.718304268261402	17.6536167442412	17.820011352071823	17.29355132459159	16.277177961021987	16.030035526960194	16.308231203367264	16.172806444179447	16.646539721681794	17.257968848647742	16.805532418728266	15.55260629043448	14.664998820303882	15.205022045279922	15.58651423242418	15.656197692776672	15.5351503861058	15.299673884470025	15.28019589423735	14.653951211434407	14.425336348839043	14.996572430393467	14.306234159916707	14.86420906888359	15.085783312603493	14.666753683348768	14.77816509629464	14.809078903048391	14.695780613670308	14.14957812451414	13.243975237551755	12.648320714279112	12.864424130303625	13.64573174157639	14.478012478557822	14.13810919598765	13.448773700480812	13.219554804478323	11.497938411671369	11.59168478430368	11.025161474124587	11.012579575462448	11.833161468933636	0.0	0.0	0.0	0.0	0.0	0.0	0.0	0.0	0.0	0.0	0.0	0.0	0.0	0.0	0.0	0.0	0.0	0.0	0.0	0.0	0.0	0.0	0.0	0.0	0.0	0.0	0.0	0.0	0.0	0.0	0.0	0.0	0.0	0.0	0.0	0.0	0.0
16.239546371643158	16.64463815151352	17.12738308550768	17.031646797954533	16.773030350187533	16.938624540486423	17.028609056202875	16.88828957878039	17.992958470475543	17.43826191057411	16.286108674866846	16.941713866487234	16.470282818519575	17.41566362441805	17.58582669565263	17.071824618245603	16.061322355712353	15.818349490276082	16.109731963101076	15.989670864503635	16.475994387420386	17.088656801259322	16.62032270430906	15.362999042971532	14.469857684880672	14.998142719831032	15.380218310621263	15.472993878427783	15.364397056254601	15.124048076990693	15.129992564889431	14.517077297682947	14.274539021260557	14.861887794660925	14.197155223878738	14.757142002620908	14.975765098741487	14.56170709200724	14.63142994033316	14.649385650942937	15.039601166763854	13.921340987519596	13.08427721550319	12.530009870172602	12.704363382485873	13.492619780241833	14.551933878114989	14.0684475979201	13.847072115588551	13.076949656167121	11.831167703375474	11.356860336369532	11.033659074615333	10.94997536744544	12.13325717418244	11.2866326365598	0.0	0.0	0.0	0.0	0.0	0.0	0.0	0.0	0.0	0.0	0.0	0.0	0.0	0.0	0.0	0.0	0.0	0.0	0.0	0.0	0.0	0.0	0.0	0.0	0.0	0.0	0.0	0.0	0.0	0.0	0.0	0.0	0.0	0.0	0.0	0.0
16.874367897249822	17.282031996983772	17.750236807896687	17.684163653181535	17.409790035017156	17.58016922298109	17.672978144306388	17.524327572112814	18.622758033558046	18.03359676446747	16.88154807146627	17.533989691423596	17.06599444713575	17.992365883583233	18.16909809756163	17.671274651801323	16.65333931288087	16.41530453766343	16.68694440163976	16.563639722660557	17.067587283106366	17.6792203175956	17.277754787219955	15.98693247253248	15.076359602839762	15.610587196285225	15.983359869161804	16.0928637721082	16.004783739385562	15.78291663305196	15.792315597828617	15.137594039011885	14.930629348240519	15.479886992950805	14.798036587382292	15.31622623893224	15.522737632435598	15.088052885222753	15.080535054877904	15.117774041490339	14.99200909653608	14.372807430049942	13.599066663114455	12.891571732488545	13.058801618160858	13.782909880039416	14.437586688941858	14.111299564678532	13.361488142218217	13.182869597455824	11.844246068524791	12.062324209966595	11.909201039328375	11.651990732340156	12.775279277060667	11.488235082045955	11.709708898822901	0.0	0.0	0.0	0.0	0.0	0.0	0.0	0.0	0.0	0.0	0.0	0.0	0.0	0.0	0.0	0.0	0.0	0.0	0.0	0.0	0.0	0.0	0.0	0.0	0.0	0.0	0.0	0.0	0.0	0.0	0.0	0.0	0.0	0.0	0.0
17.722159101957697	18.131892874135858	18.59220044562091	18.53284913554864	18.23707554504254	18.40264883861859	18.491247204440842	18.338801794691282	19.42813392049083	18.829045143520762	17.696446840107104	18.31423746155787	17.845970605230427	18.75455910894812	18.928845361137196	18.426486843329613	17.4078482783856	17.169760491157128	17.410441091426463	17.255576269837945	17.738724922008657	18.3304480942858	17.949415008219336	16.6704989360191	15.771248985860653	16.28432086301475	16.63831598962316	16.756513476770817	16.664920476872123	16.426414465476988	16.421586854788764	15.75178669396365	15.57639439831263	16.098996574348394	15.433484697695855	15.928727327134917	16.09595775110708	15.682325137050455	15.616959026066784	15.673028473835478	15.603003047081748	14.959439845239922	14.315637243562662	13.601236510133973	13.769097448814613	14.46301501171065	15.05864097642778	14.736457756348347	14.253564176944657	14.010430527124916	12.913288869806896	13.341677621198292	12.948030287281927	12.786939997116924	13.748747663445496	12.492242233526037	12.914864374592437	13.09886508197302	0.0	0.0	0.0	0.0	0.0	0.0	0.0	0.0	0.0	0.0	0.0	0.0	0.0	0.0	0.0	0.0	0.0	0.0	0.0	0.0	0.0	0.0	0.0	0.0	0.0	0.0	0.0	0.0	0.0	0.0	0.0	0.0	0.0	0.0
17.63622351385807	18.032988658644864	18.494628490440203	18.433096497056123	18.152029144433936	18.38336882567622	18.457331427998998	18.27412896086593	19.43031059949582	18.85239676772143	17.661382333107145	18.36761231670294	17.908511291383167	18.774946765244	19.00464071391554	18.508789749127615	17.447657691425643	17.25425253022497	17.513669299778485	17.34403875461312	17.88722439586969	18.482474715853513	18.094419552140867	16.80362199499478	15.893294429574564	16.41173594295235	16.767866234266368	16.9170703214992	16.885690708710488	16.640697854264797	16.680718949319427	16.006792790947706	15.816704763707948	16.404489589638438	15.65936548936977	16.24049228154423	16.388470416005287	16.057219051607674	15.941870489294715	16.147679264582862	16.365562997934457	15.25030765740118	14.665998635804863	14.035530959254755	14.151930869498514	14.961103500122935	16.058817186068193	15.352502069447416	14.707546893373257	14.67412036502216	13.14972086446541	13.748607688767308	13.236792665201946	13.103008571316517	13.996561294500253	12.985737682099536	12.979029529645576	12.852256570830521	13.463907888921712	0.0	0.0	0.0	0.0	0.0	0.0	0.0	0.0	0.0	0.0	0.0	0.0	0.0	0.0	0.0	0.0	0.0	0.0	0.0	0.0	0.0	0.0	0.0	0.0	0.0	0.0	0.0	0.0	0.0	0.0	0.0	0.0	0.0
18.068456170762797	18.472717742009483	18.92359138869385	18.877292862324516	18.590980308631817	18.777783559846632	18.88021460927174	18.71726628736921	19.813822416243116	19.224864754607776	18.10138946456191	18.72244825821128	18.257652454306918	19.179995296823225	19.36134126881895	18.87876245118529	17.864092382075086	17.652471388899578	17.906161253406868	17.784109885474866	18.31884375266304	18.89270973112463	18.485201220510554	17.220903835490276	16.351563196363927	16.845870896586217	17.21989924411504	17.374726757159888	17.360679391885792	17.096407012349644	17.1456720022877	16.486797601336256	16.291663910988657	16.85190200027476	16.20660623837275	16.755427029438756	16.92389193755576	16.587648138665145	16.521391756566278	16.589213685759816	16.360871898529115	15.635555900037241	15.249953270418128	14.575687709375105	14.738121245718528	15.439178522305728	16.056543447558624	15.78939444680375	15.253612028280987	15.080247019863002	13.951538869973659	14.185878771852163	13.59855352393706	13.520867964840475	14.215362378567008	13.370238993610348	13.297815959977125	13.178335435694375	13.023927417341037	12.751427022858763	0.0	0.0	0.0	0.0	0.0	0.0	0.0	0.0	0.0	0.0	0.0	0.0	0.0	0.0	0.0	0.0	0.0	0.0	0.0	0.0	0.0	0.0	0.0	0.0	0.0	0.0	0.0	0.0	0.0	0.0	0.0	0.0
18.556054728042085	18.963811183818816	19.412897337245674	19.37008934662374	19.084046274056494	19.272188448034832	19.375927667945888	19.21144785342991	20.306215971630294	19.717241604310555	18.581867552667454	19.195152722433043	18.721270561452105	19.6578587366265	19.839792282722993	19.359924002336616	18.335916947379804	18.126023442066664	18.374999644306733	18.256462466754428	18.7888876568079	19.377659836818907	18.98211512229703	17.739284594155983	16.86909301121763	17.385049118753773	17.75761197914862	17.913028090575335	17.871836115140216	17.60742650563956	17.655675070940074	16.993009813989705	16.8049585486961	17.36264955705464	16.72622082178628	17.260862640648284	17.41797251918511	17.055998960649504	16.95798651567229	17.02778954905401	16.918382636391243	16.17312942743192	15.770538553359833	15.073190393871956	15.247583971412311	15.959577263720355	16.57792300519729	16.3003992416999	15.792069713905708	15.606263878221025	14.53755291043396	15.29314199219393	14.242891857969752	14.059578421107929	14.747551683939657	14.431410982532437	13.808086651147482	13.659693656471179	13.405403548375334	13.499030367225417	12.794784245130037	0.0	0.0	0.0	0.0	0.0	0.0	0.0	0.0	0.0	0.0	0.0	0.0	0.0	0.0	0.0	0.0	0.0	0.0	0.0	0.0	0.0	0.0	0.0	0.0	0.0	0.0	0.0	0.0	0.0	0.0	0.0
18.22626034963465	18.63748405207889	19.088471712586454	19.011513014081892	18.717695049820378	18.91732398466857	19.00496378649072	18.839673861512956	19.94913692073885	19.41036654098898	18.25294603034355	18.861241362782646	18.376704072686564	19.325299146264427	19.50499583169005	19.000755219805484	18.02024716276256	17.83477691690752	18.123794937910596	18.053179115676723	18.588287553278384	19.187270709318497	18.73531069422078	17.516715073250616	16.704481644408133	17.19281649619656	17.59849820302273	17.757740141769066	17.737093004356094	17.455453899391664	17.579590863894794	16.93449640265497	16.696069378977423	17.262857495199302	16.665477987553736	17.21691755547169	17.384816902372506	17.065928388482927	17.03929665892875	17.064600391609314	16.868513625529282	16.137379948877587	15.727871272766233	15.18303773925697	15.286235662356376	16.026629542266413	16.677965223918804	16.395147599964954	15.721744605761224	15.57701850886983	14.542844238603147	14.433205507914526	13.953190482191989	13.890825373002293	14.385916014708403	13.863188741780949	13.663160732727997	13.84266648869264	14.086277236133435	14.357908963559334	13.50027343888383	13.543597997425335	0.0	0.0	0.0	0.0	0.0	0.0	0.0	0.0	0.0	0.0	0.0	0.0	0.0	0.0	0.0	0.0	0.0	0.0	0.0	0.0	0.0	0.0	0.0	0.0	0.0	0.0	0.0	0.0	0.0	0.0
18.38476420179783	18.804247461526565	19.26016501339388	19.20188613847664	18.911267097441712	19.122455591857364	19.236130801919163	19.058283584034456	20.17241313937997	19.64705493277946	18.44011158723513	19.048478972312758	18.548523096205507	19.497813717827125	19.687460525322088	19.160249109778206	18.170458096631897	17.994705226944887	18.300853141253814	18.26877850135592	18.79752606699049	19.445889834799644	19.02527844365917	17.792488617921386	16.971501309363425	17.51838270808388	17.940802590165347	18.098529191679877	18.04718020501644	17.77672821362652	17.90771535073834	17.20917331565997	16.99300867562012	17.56586195689879	16.95269395426201	17.50395205880555	17.666431319441507	17.297949260868062	17.31622289042911	17.335386917550665	17.833684037454255	16.537554739399408	15.96895759578681	15.317891119616338	15.464599596186554	16.217204350223646	17.34989027605538	16.463744833068255	15.857475572081178	15.710953229929679	14.786521267147988	14.597772427772254	14.281739214247777	14.045055631505852	14.640296594740676	14.126146620244114	13.981873103631228	13.890081356952434	14.338908606708573	14.696995943652146	14.295770544910345	14.121090531905379	14.641898856194615	0.0	0.0	0.0	0.0	0.0	0.0	0.0	0.0	0.0	0.0	0.0	0.0	0.0	0.0	0.0	0.0	0.0	0.0	0.0	0.0	0.0	0.0	0.0	0.0	0.0	0.0	0.0	0.0	0.0
19.681584649376834	20.10885979459993	20.560781057649432	20.52397134205644	20.2260038100867	20.425680508279875	20.520402844648416	20.355061008734385	21.454831464652877	20.95390341934413	19.751163274417337	20.358760565319606	19.856642455064314	20.797534209074996	21.00022439235708	20.454533342508824	19.481196666758937	19.308395000321973	19.603015232679137	19.57629970548036	20.104273098498137	20.73302672251218	20.327311528202923	19.075609201206824	18.257328633222155	18.818044313368866	19.240319797918097	19.386261403353	19.321698979906827	19.063198565708436	19.179521415544798	18.483447983447014	18.291686200995116	18.84329600168604	18.212474705675636	18.74200241066955	18.885272123277336	18.511882685039204	18.463020347148355	18.48649284387946	18.441658595968143	17.702452246924132	17.088275309357545	16.443171570807234	16.55008132472726	17.25414037194887	17.743850263281942	17.44823640588312	16.788245586108513	16.666682374171366	15.866775687405852	15.641077960304537	15.397908772940134	15.161585927778413	15.769523567458531	15.217972916423257	15.091935382294139	14.853079671921062	15.192110811845465	15.466845069568109	15.021821257826097	14.747113447269898	14.5039143687124	13.230557876706776	0.0	0.0	0.0	0.0	0.0	0.0	0.0	0.0	0.0	0.0	0.0	0.0	0.0	0.0	0.0	0.0	0.0	0.0	0.0	0.0	0.0	0.0	0.0	0.0	0.0	0.0	0.0	0.0
20.221017518057174	20.64941720888659	21.09861633218038	21.036762081962497	20.753541550628213	20.94610686509798	21.07150760218655	20.896946805746307	22.003040069181292	21.51155595348307	20.30922224576751	20.898256913475624	20.384678083449757	21.329078479610043	21.53481636517857	20.979606897215433	19.99426320752477	19.825259982230016	20.12707785942597	20.111739301156152	20.644373262136625	21.27876077598145	20.871588037664342	19.62432650457007	18.798801143166514	19.350004414963045	19.783718334995328	19.944660752877652	19.88070866655851	19.603817416999302	19.745769875974375	19.00810667232322	18.79804365669483	19.36866019111778	18.779575091122442	19.31132646190782	19.459915256528596	19.069975658885372	19.061622245876702	19.066232554757807	19.03699068947784	18.26725031628795	17.65473730205438	16.996247864664763	17.14627296909551	17.844560900959923	18.338255278763462	18.039583250894673	17.473376973694936	17.317394600473527	16.475575384683932	16.189876168639163	15.824433801106313	15.5660734693374	16.061076611574304	15.648776867805596	15.544082695216112	15.430352625606545	15.665141393657969	15.801805162081921	15.288704288939893	15.02274272259011	14.720674823040538	13.692601317268421	14.510159258976035	0.0	0.0	0.0	0.0	0.0	0.0	0.0	0.0	0.0	0.0	0.0	0.0	0.0	0.0	0.0	0.0	0.0	0.0	0.0	0.0	0.0	0.0	0.0	0.0	0.0	0.0	0.0
21.252284363543826	21.687651167240396	22.135227685955954	22.058520538050388	21.793710661375336	22.02305393461621	22.12727729624105	21.943459673432127	23.103725735356296	22.60796738703183	21.38737681050734	22.018393931408113	21.48025045411287	22.424371840725634	22.626347963175437	22.05502554427442	21.09433744446579	20.952946158213695	21.253823649412112	21.24652001610022	21.77753524425271	22.416990263364866	22.020238364616393	20.773609702120734	19.962293343592627	20.53117335333702	20.982713392114757	21.140980647191054	21.07340436924848	20.781766811602996	20.945140019036835	20.1900814226726	19.98659862356164	20.568682342628822	19.95306767581516	20.529722322740593	20.63354950673638	20.304079054311604	20.312952747179317	20.359250774471164	20.347209925291498	19.577369621848828	18.957242997032562	18.328885448914324	18.488648506914572	19.19455492428642	19.68202889722378	19.367650027328093	18.905731270898283	18.7616152275448	17.997332309999575	17.70285547475402	17.220366872399563	16.994885850720085	17.488193622830163	17.188856552844005	17.175260074572087	17.163326310268364	17.321195320709034	17.569378926446223	16.952807560158437	16.71603095062001	16.440622048730482	15.585973163847962	16.98019821461877	16.216756301332556	0.0	0.0	0.0	0.0	0.0	0.0	0.0	0.0	0.0	0.0	0.0	0.0	0.0	0.0	0.0	0.0	0.0	0.0	0.0	0.0	0.0	0.0	0.0	0.0	0.0	0.0
21.169511817416584	21.60199368345042	22.05904413951966	21.968719102804037	21.7147936283731	21.93709374646028	22.060393407588936	21.87321183636454	23.031914503150006	22.576787956139786	21.345897212671822	21.975765037942306	21.44657442948232	22.410692653386448	22.611465983790474	22.02956351087298	21.080627506155654	20.934898723248914	21.256461775881604	21.267798449943466	21.812544303837157	22.459296117380813	22.041450984810304	20.79802922999421	20.000989256904298	20.57352155755078	21.028339258742744	21.182847730579105	21.152198980409366	20.860523261771764	21.061118926200564	20.304564257752975	20.089269537606764	20.707620249666768	20.09461343453402	20.66015584398364	20.820156001007973	20.465934277842425	20.55432717767465	20.57587275919015	21.0751859402818	19.740879397003084	19.091695058965037	18.466716033645437	18.650983450923004	19.36065901175689	20.410459093202565	19.54134886076065	18.96682097075809	18.825225029882443	18.020121916832217	17.637186505523182	17.14348027401747	16.92692099814996	17.414966269652517	17.205043952122228	17.17342634476458	17.257677992405142	17.536220599541476	17.71768485427952	17.17086386922857	17.04484499520132	16.49061932857698	15.749346702825694	17.43256652860662	16.625900998402972	15.702661019507424	0.0	0.0	0.0	0.0	0.0	0.0	0.0	0.0	0.0	0.0	0.0	0.0	0.0	0.0	0.0	0.0	0.0	0.0	0.0	0.0	0.0	0.0	0.0	0.0	0.0
21.80704764786547	22.237167290095517	22.706127893736124	22.614285713352885	22.41535144838467	22.6466895543179	22.782337569763346	22.58422460805322	23.830337035810032	23.406085291625903	22.064080236559864	22.76615478995024	22.148574516138527	23.129916970419917	23.40083944605261	22.743608343134827	21.808132448073238	21.666270390914654	22.009725782366864	22.035934361718123	22.568778214674143	23.24019383059708	22.82163973321465	21.563234886139877	20.750544283100044	21.364816228455428	21.812780701415328	21.951846878614877	21.879409626574787	21.607629110099417	21.778673113544198	21.00768625286826	20.80530794782934	21.39562422821119	20.86584052042132	21.331042185261285	21.49196719377767	21.10139017282694	21.3313233012779	21.72587046729913	21.359808924755082	21.013955488610193	19.777478186011272	19.56967973929218	19.33454802676102	20.432359827591775	20.536585369674956	20.570631267543828	19.479614939369906	19.756939276220304	18.453242916804104	18.407672503935146	17.615320583261656	17.24474415161414	17.804303902077002	18.12489863260169	17.677756347517768	18.224350290522978	18.666729640850953	18.39177410233945	18.19885929564454	18.649441476216115	18.348643832009135	17.463567598299388	17.900970072879506	17.28816816357669	17.67720009569304	17.096345347651926	0.0	0.0	0.0	0.0	0.0	0.0	0.0	0.0	0.0	0.0	0.0	0.0	0.0	0.0	0.0	0.0	0.0	0.0	0.0	0.0	0.0	0.0	0.0	0.0
22.15343701789368	22.583002107988367	23.050882336909034	22.956196717073777	22.77428927895128	23.008094161114236	23.137793778228676	22.940404644347556	24.108472365199543	23.639569804858034	22.41465078620954	23.030870699876168	22.496345862376714	23.47464502952027	23.677032604168982	23.095160251438394	22.157780307080397	22.001492831906337	22.339996841363305	22.37353600583973	22.91987456792524	23.571144222587087	23.14717187224114	21.891214231019465	21.063526108580024	21.652327824534602	22.090849123920464	22.233494560780525	22.179395176512212	21.900840228785565	22.082292071871695	21.324943727592952	21.084347027214946	21.680341766257005	21.095868064086652	21.641325092478173	21.792672201457354	21.404215026128742	21.96956326691441	21.406274774144862	21.59811437511512	20.643533287366242	20.41059003189088	19.27550177613906	19.991653759000027	20.099927320248536	20.823027979970743	20.298187371200278	20.210390509241968	19.517898287071624	19.1598451138789	18.120995980371568	17.80677888662342	17.525750812020913	17.97109117641095	17.824548498388726	17.780508655218817	18.446887659497854	18.827106753948392	18.44281938375022	18.201113013585346	18.608787646655387	18.284640758113675	17.639414834862066	17.806852000852082	17.272948305484128	18.046237154854445	17.03680923872144	16.403104112758875	0.0	0.0	0.0	0.0	0.0	0.0	0.0	0.0	0.0	0.0	0.0	0.0	0.0	0.0	0.0	0.0	0.0	0.0	0.0	0.0	0.0	0.0	0.0
22.644378628195923	23.06970285645678	23.542204189756433	23.44354098960554	23.276909173888836	23.520036034206495	23.656806185204143	23.461642585849464	24.63738958886875	24.17332290299012	22.933359303309956	23.551320391387442	23.013839962792513	24.008449608138022	24.214622147590187	23.628209464500653	22.696636517365498	22.578163856108482	22.935055652344754	22.978803863366075	23.52131717240421	24.18739045289067	23.75754523819426	22.483073674311118	21.65937131111211	22.256596119534326	22.702013425242715	22.846663241075422	22.791970315930605	22.518895856392945	22.704427020910327	21.945282900365058	21.70540531113952	22.32538825700722	21.70365120538086	22.285024236628217	22.42741443428415	22.028603930722223	22.055899659801003	22.063276634401507	22.02475708676914	21.33064002425434	20.470650987580456	19.930230728509095	20.064027742894357	21.313708784568178	21.216855204139126	21.503527334441195	20.252065218161963	20.148913273076765	19.195821516146733	18.710417148650894	18.429131916185895	18.15417919300096	18.587870442699725	18.5059524806841	18.434976418255385	18.5913004808315	19.037659901953628	19.151315699923337	18.986309145286548	18.850264668964197	18.457724858985248	17.75160010770915	18.21894277245188	17.841497360706203	18.088238839692632	17.373414915321906	15.791112313135768	15.814327681622196	0.0	0.0	0.0	0.0	0.0	0.0	0.0	0.0	0.0	0.0	0.0	0.0	0.0	0.0	0.0	0.0	0.0	0.0	0.0	0.0	0.0	0.0
22.329531134846853	22.74511141936493	23.228186201564363	23.12772378606871	22.974686012255674	23.243394022305626	23.4282611034139	23.2376215812816	24.422682691125736	23.961119616558815	22.725682628379047	23.33653907995722	22.796195389425097	23.808894958864883	24.026334575679524	23.443795635154547	22.50745989404842	22.39083506110306	22.774319713218848	22.828978077851573	23.375278447100996	24.065078242921235	23.635988518051605	22.33758244618993	21.49533329135417	22.102522790302483	22.55432992165157	22.70914740806899	22.661057066967434	22.391403226461243	22.57482340105781	21.813218829082473	21.580981694452632	22.20394411695682	21.605425040478917	22.143636195995295	22.3273172200298	21.9064482073577	21.973871249419364	21.949516612727955	21.940000049929495	21.23243091671404	20.394676110630204	19.830192582327886	20.001795490116013	20.698879645945542	21.77404047623955	20.92605993313031	20.19063130439564	20.064020392330026	19.058869607291758	18.57486457757349	18.35123806831059	18.05029344826478	18.496785049900208	18.368897987510955	18.244009359404917	18.44092276339651	18.970293266764635	18.988188345078758	18.843442961463055	18.695674224461378	18.16866333087717	17.416264310423774	17.958099285681882	17.668379630048232	18.00803054190472	17.219254829347815	16.061854825394587	16.38864071936587	16.819174512411763	0.0	0.0	0.0	0.0	0.0	0.0	0.0	0.0	0.0	0.0	0.0	0.0	0.0	0.0	0.0	0.0	0.0	0.0	0.0	0.0	0.0
22.275145647179208	22.689139282651634	23.173882163557277	23.083114264186307	22.930103011549505	23.20214279983281	23.392779223660856	23.19675554342989	24.393660887463028	23.941440808401563	22.690479537446038	23.324829911050223	22.783022840689007	23.80264468596299	24.01772840680227	23.432411390453126	22.50272088256595	22.4000940006193	22.79881014850585	22.869495043275112	23.410496463557237	24.13176078646548	23.699535557773515	22.396161942799722	21.591446647785993	22.216635678750933	22.68612476574367	22.84002571426123	22.788011506286768	22.52358749851411	22.73012488508456	21.9327648757674	21.725599961116824	22.339049680547774	21.700859962429178	22.286682559693777	22.448525759397707	22.047490674247612	22.14826339565242	22.153589054075926	22.10419096160917	21.4391779830801	20.54812759307259	20.013694463784166	20.14959314867082	20.89100002023879	21.362682098493377	21.067638730595267	20.297921487903693	20.213818988286075	19.191462136388097	18.731132048205843	18.45468114989381	18.182349284568954	18.60645949904613	18.533834532340915	18.4229664106918	18.620809723088776	19.18801131828103	19.20168871827342	19.077098706041816	18.976750286509564	18.4806078744577	17.627673675456393	18.19879762229815	17.878013572045585	18.149793503789418	17.289462446476048	16.08111416022921	16.779267389420564	16.592166441806157	17.31775407374284	0.0	0.0	0.0	0.0	0.0	0.0	0.0	0.0	0.0	0.0	0.0	0.0	0.0	0.0	0.0	0.0	0.0	0.0	0.0	0.0
22.782737870295314	23.187050367596488	23.67069891792263	23.575336326753924	23.4199509401199	23.682492631787785	23.873348183439123	23.683551202984432	24.885474956545643	24.42170186884731	23.1842407708518	23.828818372555187	23.29209166987412	24.321770006666462	24.542409100085035	23.963573912797298	23.041722218735813	22.93879401332997	23.346147722699893	23.420412427132234	24.00371726045017	24.70210971907259	24.282981390690615	22.967942233283516	22.11736745261676	22.72296270678097	23.189147574210843	23.348378461159143	23.34436278298004	23.087296998996113	23.282730582467277	22.468540535579802	22.258473692054366	22.877220398432403	22.25575845964478	22.80735465599065	23.001129066968684	22.571983985808973	22.68615567765981	22.676457950562767	23.165879707091033	21.904249339093102	21.118159613996575	20.496889072277895	20.686025121565784	21.383402765587107	22.429974588677958	21.561010072124656	20.815188638663148	20.728426615410637	19.694004544321167	19.28137751682128	19.024744800647706	18.69665234634542	19.193322808794584	19.022034683240054	18.90648292387442	18.982597839032813	19.532647431478896	19.394404960952585	19.314571662420363	19.202887940719368	18.867116072890816	17.95700125650404	18.332240689845563	18.10447560788102	18.444815482189636	17.70095613594705	16.877624838403015	17.453818189868173	17.45308966871435	17.263561662087124	17.431388035774923	0.0	0.0	0.0	0.0	0.0	0.0	0.0	0.0	0.0	0.0	0.0	0.0	0.0	0.0	0.0	0.0	0.0	0.0	0.0
22.930837581707774	23.33448275366354	23.812310140116114	23.74216356392287	23.597797135293987	23.84926830795818	24.043202410734015	23.84949802130977	25.06263799025717	24.601198248864932	23.424451806127273	24.0619094556574	23.52364117075217	24.556581236612793	24.774747358875786	24.181883557888845	23.257564728308168	23.162811917476443	23.57136121702835	23.646501424103253	24.227194214686033	24.941897965646543	24.524178294794932	23.178820800189023	22.342069984194122	22.955607202512855	23.427849720399603	23.594114674114127	23.60284521420224	23.353047856401353	23.55718973477539	22.735046729843827	22.546509782657658	23.15599816129033	22.48874276545652	23.06861345749551	23.24469666370895	22.8349729083704	22.94831776201573	22.97688950477897	22.831614003727786	22.12821875691548	21.338890418587013	20.759953181090918	20.903249477592798	21.630648989633222	22.079300925853648	21.775945927351827	20.965728466368052	20.893402267176523	19.939896548827647	19.532305212970698	19.256141396825353	18.98022342139907	19.484279752024708	19.297228492646568	19.19336585901635	19.278038199707286	19.793522545252262	19.669213816798386	19.45463031175325	19.36734921608687	18.825173085958316	18.014368536900836	18.376277684375573	18.177399399461745	18.20960364815791	17.384175151232554	16.966413667659822	17.685997866102674	17.76624039191081	17.50107336547225	17.60124182339702	18.311517674718814	0.0	0.0	0.0	0.0	0.0	0.0	0.0	0.0	0.0	0.0	0.0	0.0	0.0	0.0	0.0	0.0	0.0	0.0
23.29478207327309	23.694594800878097	24.05495159980306	23.971028102909294	23.844332998992627	24.132164085935226	24.330325967366658	24.12799195427179	25.366594131181863	25.006155445268195	23.857085253672057	24.400924355810076	23.930462322246818	25.00609974063457	25.20734388689162	24.627105416063113	23.60258385100114	23.52121932703993	23.94417134609215	24.019677917591125	24.572699834230864	25.268364115405596	24.84409402510862	23.556065653370652	22.753775183235614	23.361664842480312	23.903866520245813	24.086148217379158	24.619155526479528	23.80919357508849	24.109440881035205	23.779505243731272	23.05550719076562	23.726480116200808	23.018202727970987	23.58999005550882	23.788202769421957	23.37765914779991	23.597240311222517	23.745780298714255	24.054818551838075	22.934587368658924	22.032230597721394	21.575379351775922	21.634521195818795	22.52136019805083	23.385780374402202	22.64375864052426	21.676393501792596	21.747148878571153	20.656967077146117	20.268230143180556	19.954794277588697	19.686101628734328	20.18566062429726	20.028990421956408	19.92862338627503	20.059674910296543	20.608198554817008	20.493581182751782	20.2794655425419	20.230177155624148	19.629184392622196	18.825292051433568	19.33751245611827	19.14675072202573	19.014180437471595	18.175933293124785	17.973052807124244	18.88252205484168	18.896481283425793	18.305817997107283	17.90077605774917	18.264993678648803	17.003979871387827	0.0	0.0	0.0	0.0	0.0	0.0	0.0	0.0	0.0	0.0	0.0	0.0	0.0	0.0	0.0	0.0	0.0
22.743143031424854	23.128377054871976	23.622952519937673	23.5411237060007	23.418294596021138	23.704508342005816	23.912440255158124	23.733666124816533	24.997739184356288	24.556530769290088	23.386415966361188	24.044701409649196	23.51952596505691	24.605768029875208	24.811017631723807	24.22895886796719	23.31401665578491	23.226627601379445	23.685933633595653	23.81485999802949	24.369091111913793	25.064324539850887	24.578433587852075	23.2706530811817	22.419073051834552	22.92973440823091	23.40799119233467	23.61357112202153	23.70990389249165	23.432871672533988	23.566701068244857	22.794546503709896	22.57660278383571	23.180841615042045	22.528215834102955	23.114469231096884	23.297005074118744	22.941790823169136	23.09802114398159	23.100930857833912	22.760374247190075	22.10362170315341	21.4302395470104	20.90697648031154	21.05288168296993	21.746730682189565	22.226048712570336	21.882539131835873	20.98793134214922	20.948656822167703	19.849779471629883	19.490726785263565	19.146549751171072	18.895148679818334	19.27258239038587	19.155313491116367	18.984898872964077	19.17581534534908	19.657932594308896	19.36943398394994	19.123048900494833	19.12288257885721	18.38400554905931	17.938791523526557	18.45461989090461	18.251281764993124	18.315194484282706	17.503419330724977	17.442887197650958	17.918992193947336	17.868420845553754	17.12479328005168	17.023651350984764	17.09654039812146	16.480557883088775	16.622057743121342	0.0	0.0	0.0	0.0	0.0	0.0	0.0	0.0	0.0	0.0	0.0	0.0	0.0	0.0	0.0	0.0
23.38270224924124	23.767029575520105	24.252820077960497	24.17804378238823	24.0518186802074	24.30857085502785	24.48701016844545	24.321777558583307	25.65841823034178	25.702449959786858	23.99768185409785	24.705163090474574	24.10638083943979	25.187144391390937	25.389641407306566	24.807726235616837	23.892823258288313	23.79716306347122	24.253503794138627	24.37089004046844	24.92944930015793	25.624923308328402	25.14450727459572	23.82896756876042	22.987942979457213	23.50490992324312	23.98818106873546	24.193705749306847	24.279025903243166	24.006304797376444	24.158530777717907	23.366031706476885	23.14141730317941	23.753928813761163	23.14738387816686	23.706475624124945	23.907947714423543	23.536925960651914	23.73537988966349	24.269330032857653	23.438059224704606	23.300533965069384	22.120950562345815	21.565124395935342	21.762905612096997	22.561058424467596	23.500957097711854	22.70091321165032	21.79613352123823	21.726168526696345	20.64864314128145	20.287964921038757	19.909739573265927	19.65112943762893	20.029555371870963	19.91455628781003	19.760676319212532	19.928799522262185	20.374811981834885	20.097621292335088	19.821837609651705	19.797244471442536	19.09446822945351	18.584200857063685	19.102770203949575	18.81585145161585	18.708029792379445	17.93606855832066	17.92253583388977	18.34032129206869	18.231920880620223	17.60394385643381	17.311892450816508	17.24916558439636	16.7519411281613	16.523322675873832	16.814954504621472	0.0	0.0	0.0	0.0	0.0	0.0	0.0	0.0	0.0	0.0	0.0	0.0	0.0	0.0	0.0
23.55243549662569	23.92765601089349	24.42182713824945	24.319718591833965	24.207580142905364	24.48866552021295	24.669462741290396	24.518624521393065	25.776913854215927	25.313677184227107	24.135369797982936	24.80164938107831	24.26397266982027	25.358522632646483	25.561890323680135	24.98945468244329	24.08158228548629	23.98526471096593	24.456727304856877	24.5657918551424	25.15790479147289	25.86538018028458	25.362181651026393	24.049375344518285	23.20715286490271	23.69554042464632	24.176948457587834	24.393156483591277	24.49024326732942	24.212619998220354	24.35720434173385	23.592261032704133	23.36607959004848	23.99846995462008	23.36245981927097	23.963923137991237	24.131439126757954	23.798503069609286	23.94392807229611	23.95326521849068	23.607497269242575	22.95889306942344	22.346692727900322	21.82993690039483	21.9960859101826	22.699751140988155	23.211585029581755	22.877155633594526	22.065801321985205	21.998721882195053	20.847408341449878	20.516444297984783	20.154758750935404	19.885523601042568	20.254433478907252	20.112739463596096	19.92649778212461	20.096914280970545	20.560108776623085	20.217924863551215	19.99874736545411	19.965990757842217	19.287457384656207	18.830388811799725	19.323125960256768	19.095456056513832	19.153420809539302	18.411272439853278	18.446091644419806	18.77495869263997	18.63621569409846	17.9064233372519	17.697712163682944	17.50206937602028	17.251740404777497	17.148018128991197	16.280092028968756	16.466204298407877	0.0	0.0	0.0	0.0	0.0	0.0	0.0	0.0	0.0	0.0	0.0	0.0	0.0	0.0
23.78784719621409	24.16175221275173	24.652575862268385	24.53620811141882	24.420738227604602	24.70109944237938	24.88010403931569	24.71840136399706	25.96212476831168	25.514906477613533	24.33880599066873	24.984132179339845	24.462864684374253	25.553752614587243	25.753152488506938	25.176819378679852	24.267777018420414	24.170308731814035	24.633872637961613	24.73839123570993	25.32575630980664	26.01149159334734	25.482264641953183	24.190568857542214	23.350963963139268	23.84560676200716	24.320211143902647	24.536938595253268	24.627683017073203	24.361838141443926	24.502337338412286	23.718158725454213	23.485442361022056	24.103617153319526	23.50862255200377	24.06627162279638	24.26046855704206	23.898668142311713	24.065276065984317	24.034148586646	24.25658686724191	23.034141642081938	22.458706177990766	21.916979490509828	22.106936176627997	22.765363506457177	23.85047726281724	22.951616165667932	22.15306176661161	22.07982682489536	20.922153080461026	20.581485501042728	20.218341026772002	19.961375609770194	20.306622340303118	20.175625397433556	19.99476735935592	20.176796071254003	20.612475629526347	20.273357847727095	20.0193773179431	19.986030741405497	19.30179432939934	18.867308845707967	19.329193095527405	19.055251555769768	19.039894002364072	18.330671191914455	18.32157597090185	18.596837633773273	18.46201583637764	17.788403559561388	17.61779040636339	17.53035625543488	17.283407165144578	17.20736317640498	16.19101780023748	16.251252555711886	16.508496556078075	0.0	0.0	0.0	0.0	0.0	0.0	0.0	0.0	0.0	0.0	0.0	0.0	0.0
24.90504052250875	25.265349655042613	25.764706496842397	25.647095673429103	25.539056281944458	25.82454948111344	26.014499412150403	25.862416910869605	27.107225558109356	26.655169594552916	25.504058478657832	26.123767612769537	25.606781033279056	26.71569791108502	26.9199891037311	26.348600466974762	25.441478326521427	25.351566881929333	25.83612535308312	25.946726399083772	26.529954655651448	27.262409986789045	26.69421337547031	25.418167290959786	24.609291536256887	25.11048552123656	25.597133515577212	25.82454829575444	25.912590800894886	25.629205269935376	25.745699416836565	24.975359798317374	24.752000183215188	25.397794268029923	24.765196297136047	25.379199161806934	25.552798076141183	25.209120687771694	25.376363159835684	25.382110285932622	25.053316040238293	24.429372906859825	23.80956904572665	23.297133929187265	23.502248808420624	24.733926906045234	25.272157128822393	24.912015229787194	23.596471973641727	23.514948047858017	22.311202681866853	21.977835959909033	21.571368536414372	21.300296045360753	21.625455327492464	21.52795357325038	21.361068919109332	21.608194789270232	22.032377260517592	21.6969398399006	21.501208078202293	21.497078236061686	20.855839999752536	20.48235282342427	21.01697077566995	20.728266181878094	20.671968323004975	19.96633835813866	19.887764770954565	20.17171244891102	19.980927453229793	19.32305698972638	19.053560078574062	19.051379673487432	19.03588073094646	18.62681711235482	18.00101922349647	17.986734161616983	17.877136665021304	18.100813901289747	0.0	0.0	0.0	0.0	0.0	0.0	0.0	0.0	0.0	0.0	0.0	0.0
25.509661432607732	25.869050180601697	26.362139564736758	26.23159005594916	26.16252523104722	26.459686995161775	26.631232667920575	26.496372839103277	27.75640387485851	27.296380818323257	26.71390162397193	26.727195349810952	26.214041363888416	27.33721436771425	27.53153206822107	26.97769476224161	26.09837376655723	26.01334685898177	26.50068973250366	26.66234329798194	27.203438753630603	27.909526478141526	27.297904456052596	26.050455647188652	25.253623335137988	25.698816698319874	26.175605328075886	26.45380039742666	26.537862813091575	26.258941962187926	26.378200909326665	25.61481221307423	25.37784428789612	26.538141825178087	25.414978177951156	25.965036479314485	26.14712868782285	25.795941013417877	26.002448600663243	26.11460949980141	26.11980459358916	25.544425661812696	24.390619543664027	24.472229401938986	24.095176563662616	24.77155409624247	25.83691597482662	24.939380577185457	24.08272039228438	23.981739329670074	22.822067309309872	22.445396846445625	22.044602481948907	21.844179682390784	22.10023131320719	22.05370685000162	21.889632352090715	22.231980402704814	22.680240432996023	22.467308715599422	22.253716003600857	22.272838554629477	21.42638869513556	21.15750892389346	21.73044289884676	21.413195345989056	21.31723242405625	20.573812264056386	20.344110142261638	20.627581488560377	20.3697634873434	19.717838936301195	19.507625015616053	19.890718963387755	19.718012916858058	19.184650484489158	18.63725354149667	18.857956031516007	19.15550451609189	19.124234580948617	19.79264378316593	0.0	0.0	0.0	0.0	0.0	0.0	0.0	0.0	0.0	0.0	0.0
26.0299749824664	26.38624958393329	26.884961131089394	26.740591420733068	26.679806471695333	26.96688808220185	27.170816139183348	27.069529069372194	28.324040160205406	27.871877610750975	26.744738669969227	27.318432449289602	26.812525785846958	27.951757333356372	28.149826210230735	27.59770593053907	26.725765135481357	26.645325459122347	27.14415462276992	27.316083028890507	27.867462690419565	28.56482876332615	27.92806320972534	26.695799186892224	25.881553352816937	26.294219413175025	26.763269741266285	27.03757809655649	27.18237197459671	26.924383726711064	27.02228681078257	26.24765346182621	26.012876147241403	26.609047183525472	26.012623484658054	26.54329066516115	26.738171168761404	26.403546488084345	26.56083282541033	26.518693275077407	26.04694908276561	25.458932441687942	24.897805499243333	24.420644542889924	24.565795446337038	25.22486160436893	26.283838157911234	25.402390549560117	24.480254516917533	24.407851511236196	23.245108383629503	22.912038252146054	22.563427922884163	22.367021864988065	22.662291259697636	22.5518852550723	22.37382024268284	22.656366524707632	23.12957210360052	22.81411087840497	22.598579444876197	22.62058079078492	21.758135201209864	21.53010307177376	22.01959815638064	21.809178315193748	21.83557374600378	21.145318752379247	21.017099759044964	21.258033282253553	21.04760780103808	20.372429075624293	20.22534708144618	20.332408923415187	20.042226233177278	19.597035176393458	18.788850044661828	19.10827993212355	18.978554233184934	19.06251016859707	19.51882531409256	20.196331205894573	0.0	0.0	0.0	0.0	0.0	0.0	0.0	0.0	0.0	0.0
26.22867997112361	26.583617719570036	27.078417640407174	26.963568179729993	26.962618345867504	27.25331938963857	27.4557367906359	27.379601153036248	28.637775070618183	28.197812298032744	27.067539389788685	27.689817745115295	27.17559526929377	28.321665489816922	28.521601825237717	27.94638044409417	27.07991897074058	27.008240352934585	27.521817214895343	27.704736774471797	28.225225778810724	28.926931517647382	28.26154041470863	27.04181567850826	26.254681664632212	26.64917028774441	27.107838655207686	27.399110129641976	27.545540398900595	27.275889469295553	27.389745705665902	26.628500498306433	26.39804628567338	26.995742882887523	26.411073534781888	26.941692036765797	27.13480724662363	26.82399427343985	27.049866343451026	26.997919790594032	26.520821494685464	25.942200121075356	25.390091796495216	24.95452103767293	25.0909359637873	25.770133415958544	26.835003861479677	25.93638743253546	25.020389924137575	24.941072310561243	23.821107896543154	23.497844303434334	23.091624962131746	22.945461765138912	23.199990228984365	23.117976400972562	22.948344050347806	23.302706959520247	23.760271823293085	23.49930646812703	23.246556745931475	23.290898485529357	22.342526961301676	22.144934349902325	22.760162341897953	22.49906680697771	22.402946587891925	21.722182990493295	21.729516350465026	22.061573648690427	21.86867033831838	21.177706352039973	21.003901150848954	21.321203109245126	20.90937649103593	20.201405044313198	19.66119410021182	19.940384900774735	20.076210071536856	20.14306745639697	20.436142883848568	19.64862530919034	21.558691937447783	0.0	0.0	0.0	0.0	0.0	0.0	0.0	0.0	0.0
26.02537369868138	26.381157676573167	26.8806351549246	26.74705274132483	26.753676794587307	27.064025900742724	27.243257225623573	27.17562953988744	28.448068753591944	28.01395375715646	26.903010463528517	27.56699121594813	27.097136555181446	28.26308346482235	28.466187992156566	27.83559364527954	26.983957474191822	26.919220221288914	27.451454428739652	27.648024028389916	28.170638587828012	28.866766548944	28.181510312367006	26.96614502671828	26.1831491564473	26.564545704404114	27.026876145039616	27.328230589625075	27.48693170827774	27.245720720222234	27.372634091045196	26.622546266426163	26.394760229985135	27.002192065221053	26.411434872013135	26.944630719606213	27.12922575964783	26.8380516995537	27.063376383782256	27.01179582471421	26.469392478898218	25.94002234411127	25.38146464262941	24.977930257091383	25.116014410444755	25.794816195220495	26.881160708412967	25.979761280866185	25.033179958338685	24.958314601774834	23.76902115859758	23.425611637352986	23.0363551110312	22.902992467975317	23.110825084687658	23.099152839373254	22.913396345287644	23.349379618529376	23.856288651184446	23.58784632055854	23.409769832189703	23.492231695650343	22.524824614772456	22.397940613230027	23.09655394941647	22.825631798563887	22.814665842775643	22.09204974908918	21.990968680763487	22.287410806739775	22.06744659057872	21.354749686559774	21.183072944903902	21.64039863590441	21.35639758438812	20.756855921473722	20.111630551059125	20.50721766613985	20.62751845424941	20.7054209478517	20.961586127491845	19.577023791598684	21.085854319348808	20.690687008709595	0.0	0.0	0.0	0.0	0.0	0.0	0.0	0.0
25.122833589883427	25.493962548278883	26.011142418511277	25.84249213534891	25.868764445791438	26.16629664065641	26.343326326159527	26.29459522708192	27.54456276405163	27.10670599870465	26.0198043201248	26.665058243542955	26.210821758119152	27.38916393500837	27.595262066671292	26.98135170705972	26.14176116144145	26.072894543487205	26.627467426436475	26.875580080873753	27.403000905198972	28.10770727091755	27.383467794512807	26.164838530508334	25.42970196069314	25.809759130733248	26.26898995109786	26.582209813756567	26.76804868255797	26.523537781660707	26.644765318923092	25.902096776454677	25.662601290931807	26.270001224228636	25.722530408631084	26.25002874470287	26.441685008190312	26.142987223625045	26.39251547182669	26.298600195864324	25.65461154742578	25.132142928199766	24.597280237859724	24.215488747707923	24.325663567195946	24.97553809208737	26.071810787452154	25.189338371086308	24.262490561461497	24.189064996950204	22.966674844475385	22.65094715416515	22.30214888073873	22.176582567343257	22.32823475802008	22.352084149721144	22.093950400879105	22.49263911747739	23.02285862186061	22.69723235845139	22.536934786971855	22.632409459348082	21.6552069352033	21.515121755190755	22.24304827012048	22.012746792325384	22.087615047378264	21.409179405370093	21.412455766053803	21.647591050418843	21.474183390763326	20.746606474843105	20.58630777534269	20.991627288297543	20.791477161418015	20.336033772865157	19.517120188611692	19.864399752975647	19.80317502143788	19.885635780497953	20.188159501513436	19.352460264490766	20.187348561435122	20.03481299352644	18.714772579797675	0.0	0.0	0.0	0.0	0.0	0.0	0.0
24.850596584165057	25.221856313312344	25.7454197757403	25.554519316474707	25.58654568294891	25.869484579488635	26.040517866096714	26.01675832509728	27.26375359784681	26.833286541925542	25.77062249435274	26.452980424635296	25.993839610545656	27.18961624904175	27.39541950383274	26.77999816845113	25.95159243292906	25.886165760280004	26.459101857731028	26.716750465737377	27.233281374159365	27.93022371926814	27.18135882351035	25.970199479710622	25.238378722589687	25.593374570930745	26.08029909297801	26.41000250712899	26.61161645458635	26.367576662441902	26.503591823669826	25.75198399300242	25.48658449268325	26.090652530991274	25.54442071501268	26.083984336442853	26.25187413400617	25.982781144144564	26.24425626876502	26.14746264128453	25.4391270455415	24.93621378502291	24.41649284727578	24.040554585826747	24.151963577273314	24.783122167959693	25.32452440123981	24.997528833005923	24.107865620035003	24.036244992822418	22.786448231859723	22.464428487697766	22.092978067833208	21.978087967113193	22.07550882433423	22.173916552106622	21.921049664858312	22.373311007140753	22.91640914962962	22.57861607073505	22.46062049213376	22.59851190793614	21.65539149580128	21.553236047389134	22.381477477424596	22.096231148790356	22.162564481504024	21.473533701320846	21.466103848965908	21.68715707958744	21.53769091424323	20.86558758572879	20.676408991556404	21.151375024457288	21.057058337463754	20.670210152991295	19.838353292544554	20.157738041840382	20.183827911883828	20.241820367369833	20.446519372624607	19.716490749004276	21.134609942096677	21.04967816639487	19.47803074859857	19.22073725178832	0.0	0.0	0.0	0.0	0.0	0.0
24.926041216471404	25.282581648573426	25.79799960526465	25.618563529245595	25.654788076210068	25.971177837445474	26.16872553574181	26.1395342774367	27.386100448446232	26.91211503960115	25.845954698345125	26.523754651563664	26.029701436792053	27.242739529444542	27.45606701628273	26.850107860222007	26.02207282195227	25.956418062237898	26.552197812841666	26.820569799745336	27.381635138345743	28.08332452898474	27.31647459559883	26.091349211294933	25.321650955416036	25.644442271552382	26.123705787319388	26.45529172409411	26.676681050505053	26.440681647623034	26.56966528520575	25.790110648172742	25.52162814794008	26.107900251783562	25.602012361104574	26.10779519941432	26.304069610916414	26.01377042238219	26.289413924993347	26.17227090307179	25.403416800641736	24.874815876188016	24.38098468122248	23.988866452668923	24.100722083992437	24.704262384841513	25.24710445550149	24.92376245541566	24.05145942410278	23.995223110795678	22.724353792687253	22.415349679016167	22.057059935395134	21.917502417199653	22.009113010265096	22.120388436627692	21.864344813017198	22.272951648589167	22.820371730265713	22.4336111996066	22.366021798512953	22.51280409539807	21.66550809930954	21.511055452635183	22.25355141568323	21.99924415005665	22.12037352252437	21.444712019402793	21.389500076619537	21.585421138605977	21.434993221980715	20.828072009350727	20.536758973671876	20.77975589320182	20.748351034752794	20.44702744886114	19.59405198782066	19.799334756971483	19.686622882357014	19.790153894024353	19.813021466012476	19.747959216572117	20.371331891007763	20.864307282996595	19.951191883897096	19.739697327976835	19.326392496921628	0.0	0.0	0.0	0.0	0.0
23.948890430962575	24.31382029388922	24.813296014536952	24.59548528973089	24.664687677781227	25.007775925713453	25.118002268630296	25.108270250308546	26.370026849504107	25.893922360993923	24.860957592506377	25.51054897873656	25.026462784179216	26.26704843955037	26.485758651637887	25.890911028752083	25.06397693480352	24.993904431754174	25.622347891862177	25.898759535424094	26.423885749571813	27.159426582699865	26.301671521725908	25.058904380775417	24.24645471647161	24.47450588765856	24.937896701134513	25.29270639625382	25.509361679313265	25.259267972083713	25.369781908945985	24.592820744858017	24.295358280449772	24.819560657712483	24.40395197000684	24.796626614760388	24.99913505040113	24.712998237740234	24.93604048345765	24.78860423966876	23.913857920610475	23.441539786555552	22.99348205053439	22.61529094777893	22.679937914974598	23.240041737038798	23.767541056685747	23.451664071717012	22.56165170782896	22.519445192124923	21.232410885957737	20.968136517763355	20.649346273787526	20.530291265276624	20.560931565745868	20.66226888282056	20.37374750239664	20.811269819185934	21.357388815042487	20.96325768745095	20.92748106066187	21.0945071090288	20.28255077544721	20.184568536600082	20.949745127273015	20.74110222993625	21.03036184581608	20.41832215331387	20.391939288171255	20.562039781594173	20.472753627432677	19.85242749532224	19.646041394877674	19.908405392192773	19.955439094258335	19.7672884658349	18.75369454320301	19.106577045829503	18.93047306071672	19.021062070521737	19.163838928074615	19.185257236223144	19.707389596611645	20.200920959416145	19.285320173246436	19.01225769336963	18.214201665836487	18.293844631918674	0.0	0.0	0.0	0.0
23.57333109984202	23.93738647777771	24.457072549459102	24.249807154347785	24.306424332479196	24.606839802177863	24.827511307345638	24.815910781678635	26.076847041732552	25.60741460752129	24.574058062790325	25.21885841967363	24.73985026520487	25.98476040365573	26.20445794413213	25.613385339928918	24.789901650305335	24.718985499654735	25.39103248851249	25.663593177888057	26.171870044882372	26.91222854653715	26.055292982532407	24.80894392846904	23.985633074272112	24.20386284903788	24.66647594331083	25.026680110353965	25.240727496724347	24.989472833709875	25.06702560573298	24.29590467184087	24.006616818490116	24.52661372108836	24.048881320287848	24.50591803772541	24.688568449227585	24.43992803403967	24.664757507895136	24.519883638245535	23.66031581200328	23.19477492405063	22.758001247565154	22.38372342158192	22.44458186576736	23.007502662876675	23.53675360150085	23.218754935673207	22.333667131638702	22.28921387284352	21.00123050232892	20.757306745622166	20.440041079993463	20.318203495042155	20.34406846301504	20.41805009277586	20.121824681031228	20.562504009992804	21.098451990577605	20.70459168166434	20.659891508662906	20.814841199174438	20.006807435332895	19.89474183386403	20.67181566178972	20.482249811489936	20.794629234478336	20.212082426879906	20.221813817702337	20.412311574523343	20.334001463523595	19.67747900714387	19.493953393639124	19.7618954211168	19.80613936070773	19.562219513229316	18.552235927353543	18.916165793989798	18.705339543849156	18.800588140049832	18.883582482729313	18.948646850739635	19.467136982005876	19.744330209431794	18.96864228159376	18.06232695667583	18.10286657902381	18.980108770661605	18.459777923101832	0.0	0.0	0.0
24.474735340557874	24.840110102465317	25.357293058973774	25.151432121413418	25.212554234885193	25.51606168485704	25.736803641468324	25.73002552410035	27.010675984198624	26.543128856446025	25.511549235561382	26.143343640127103	25.668466558355693	26.9192881774698	27.14133666854508	26.591181981263748	25.773889081106883	25.706326992201404	26.38810271986382	26.671529457279714	27.188437664223546	27.928780955931746	27.051508777712705	25.801694350502483	24.977108070713196	25.20451166611081	25.66669351632709	26.03366338446809	26.264026526126685	26.02305057536889	26.08202010087184	25.311376450779417	25.01279696090566	25.527584493456118	25.034643883387822	25.497844158051194	25.665940534227186	25.419435256628127	25.634766363015054	25.48674029152623	24.603292285193906	24.13957864844373	23.704308182018377	23.328373741369234	23.381555420584498	23.940500663171655	24.469092545209833	24.153322829379192	23.241904065289344	23.20408080161808	21.912737677589437	21.66703319927852	21.374695328702025	21.25330634090959	21.288212465723078	21.34459217733623	21.044169679347533	21.46841170704291	22.018731182726988	21.61689542770911	21.577936013706424	21.723496023171137	20.934502622969678	20.811741080134155	21.551602147571952	21.388028503985748	21.71835984999151	21.132037542714	21.09809532054663	21.277690680768497	21.174862192375347	20.51434209274634	20.320130495153435	20.531128343641935	20.571670082069872	20.328490764820142	19.324105515143398	19.686041725274666	19.4270071037605	19.53836562059919	19.586195331380324	19.609499412325192	19.86156342347675	20.184291209490404	19.36615443985301	18.385548330136864	18.09556149386522	18.397456422233738	16.971935309552105	17.07935260580267	0.0	0.0
24.007689100522306	24.377028729691947	24.8910048236538	24.688572505219447	24.767631470026956	25.07188763955628	25.2956700062437	25.29268489040337	26.583713802239544	26.13218825743953	25.08748534137177	25.70390942886927	25.22503561902278	26.496136636763197	26.71826935095682	26.136152584039845	25.314459462416167	25.211409148906785	25.902974568264327	26.183270694792522	26.699523810479707	27.468792974754013	26.55453847911628	25.323305667088825	24.49652904896077	24.675185332720595	25.119288378201052	25.491054088919615	25.72483489484426	25.472999999146996	25.5466068068503	24.735269370424437	24.424790096947486	24.920696351656357	24.43988593622373	24.864422932568992	25.01032976492004	24.76443806108199	24.958116967105482	24.78459886225492	23.846517036202606	23.398272849675525	22.976519285976245	22.577330930778977	22.599483697559975	23.12319490227514	23.621597011245534	23.319406564439433	22.385801938209575	22.370619400639896	21.10447744735212	20.870719246526267	20.643469360160005	20.517475587957204	20.530475968151052	20.590766685808987	20.264018880145617	20.6584612430638	21.239600458899403	20.84559463432037	20.828156504052124	20.980997737302978	20.190582099356742	20.046870939590306	20.751934278465118	20.626006184547506	21.055360327092977	20.50487416302127	20.44770638065064	20.609298470415837	20.520119462563642	19.890790888639327	19.712391201894622	19.905068930485623	19.983372347177102	19.857022755609584	18.8855907704263	19.289407009991734	19.03722952119653	19.155270507385392	19.41732009733155	19.492987396857032	19.70573218156784	20.227267088460906	19.47927806001647	18.454024373750393	18.33215269678131	18.419604540279387	16.714433664351542	17.390226300244578	17.123179029648337	0.0
